0
511
438
701
543
893
577
301
220
739
829
512
218
905
867
115
67
946
785
354
789
761
619
844
530
535
689
714
423
542
473
280
565
579
933
152
627
661
559
587
451
149
10
544
294
271
203
833
859
415
345
453
899
266
307
637
887
898
292
283
44
481
568
842
6
684
183
753
161
51
50
920
665
107
186
296
338
848
990
788
778
365
534
4
452
520
273
286
458
327
747
733
88
969
598
924
965
888
993
831
576
216
878
245
853
570
649
828
310
268
191
139
141
901
632
251
558
140
601
809
257
531
443
350
934
480
507
566
363
319
19
492
918
457
180
913
746
894
189
470
917
269
449
156
444
588
16
148
322
252
122
28
937
121
428
860
547
884
730
126
668
23
991
823
400
891
64
238
370
309
864
740
944
427
98
336
825
315
78
30
333
652
259
267
385
750
659
981
786
38
532
554
393
787
875
628
967
40
943
885
11
20
57
504
715
162
877
900
210
775
437
945
63
117
179
678
305
68
49
914
471
997
672
398
599
807
8
987
600
258
774
719
215
926
329
119
341
770
854
580
348
626
515
225
675
439
89
553
936
263
448
413
683
178
681
243
836
521
101
392
514
41
560
110
771
873
837
70
154
662
485
374
486
270
401
469
435
195
55
454
236
862
293
856
779
737
94
970
608
909
780
58
814
386
651
980
445
477
889
229
602
364
467
956
15
743
297
18
790
188
605
26
908
111
85
291
334
695
687
717
729
772
688
109
311
130
612
806
13
96
571
955
79
158
617
555
638
464
166
800
611
972
952
979
112
61
429
396
367
709
289
250
456
797
60
330
54
749
634
635
306
928
24
62
192
697
744
320
550
539
591
734
506
562
502
916
762
394
71
870
595
84
199
53
646
516
465
525
700
977
939
484
680
202
290
623
425
77
513
377
21
417
996
912
237
318
277
754
835
317
773
537
163
766
801
339
35
855
723
768
73
794
66
194
371
596
147
820
490
255
822
941
581
349
76
17
906
302
528
975
830
625
357
248
378
223
964
328
197
760
494
405
466
824
125
226
858
727
656
495
380
986
857
927
488
971
725
711
142
499
175
648
478
631
742
37
501
641
767
948
145
167
36
976
493
160
414
613
940
479
224
930
408
420
784
228
992
639
616
99
239
552
938
440
264
671
575
988
538
897
818
65
487
921
300
757
851
561
217
852
1
132
756
143
219
582
497
518
474
843
185
373
155
150
839
792
227
567
642
503
120
390
609
123
777
597
222
196
14
407
402
904
998
256
776
962
931
669
686
803
288
978
607
92
765
657
459
957
633
321
254
275
489
985
430
358
39
411
450
48
989
604
698
509
655
212
399
204
606
205
961
793
573
434
74
303
128
455
911
871
5
713
476
738
253
355
838
1000
745
299
86
261
548
876
903
902
574
963
168
795
45
932
791
603
475
764
382
446
335
184
841
519
56
815
658
304
551
505
200
3
282
593
87
718
660
759
372
706
630
383
590
643
508
287
741
959
915
169
994
43
27
667
170
973
524
72
9
974
369
129
883
249
707
389
232
728
368
798
409
342
732
2
545
610
758
403
802
395
704
584
381
42
755
206
422
209
359
699
640
696
138
207
181
397
93
12
436
636
983
563
569
404
187
47
650
105
984
80
527
433
82
81
213
557
677
340
622
351
850
929
578
624
763
951
379
618
621
234
83
260
722
91
845
866
118
151
116
960
171
694
647
323
52
29
347
510
247
410
221
526
361
337
721
529
536
279
352
907
366
108
25
298
176
34
412
594
942
211
431
496
523
491
157
325
376
840
710
804
682
705
262
447
324
954
387
702
233
235
113
781
896
230
137
690
881
102
240
131
868
295
483
356
874
426
97
644
100
880
585
947
663
69
165
144
982
892
769
811
834
716
879
241
666
540
949
735
685
164
819
103
284
461
872
673
442
968
950
999
201
674
922
752
46
127
391
419
895
421
462
629
159
482
919
242
285
799
645
813
124
418
316
190
343
589
910
276
59
812
7
731
653
863
615
313
214
546
133
416
344
670
724
33
104
308
847
748
326
174
90
592
274
384
966
172
664
654
106
572
703
886
208
533
424
817
278
925
362
692
736
153
726
500
827
136
782
517
177
796
751
146
861
810
995
272
75
353
720
541
564
281
865
332
346
826
314
620
406
846
312
691
244
586
375
614
693
549
890
32
22
935
388
816
708
923
472
882
173
114
676
712
953
182
556
432
805
246
265
135
821
360
849
869
522
679
95
468
583
808
463
783
193
331
441
498
231
134
460
832
31
958
198
