0
5956
4973
2846
4010
893
5580
5237
220
1602
1423
2375
9974
7449
9524
7517
67
8121
5296
9345
789
9847
5701
6097
5045
8024
8436
9540
6445
542
1481
6963
5133
5075
9110
5713
4557
6841
6920
6240
3642
1792
2223
8022
2607
8030
1291
3996
9355
9528
3395
5783
8093
8946
8002
1299
6824
7793
5682
4512
7417
481
568
3118
5448
8998
2398
4496
161
6579
9273
8591
5921
9978
7244
3402
6192
7929
5194
9765
5576
7578
9112
3381
452
3529
1644
6221
7283
3280
4616
7307
2592
1876
4966
1248
2968
6674
8301
7038
3354
4871
4572
7291
3166
4125
2271
1610
9450
268
9373
5076
141
8639
5505
4183
9344
8508
7556
1759
9159
2202
5867
5323
1369
2242
5943
8822
1924
319
4768
5436
918
2484
6060
7771
6646
5763
8624
8734
7434
6486
8696
7069
7931
8028
3164
2934
5719
8404
122
28
4498
4260
9022
9573
1885
2761
730
8661
2720
9529
4632
5040
7375
8253
8666
238
8562
4280
1611
6506
9702
6113
8545
5651
1474
6850
8394
8917
4707
4300
1801
4762
8123
1190
1529
5892
3974
1123
8132
7199
1758
9010
9548
9759
8340
5933
5586
7342
2075
8274
3312
7357
715
4492
9299
2958
2815
8965
4528
945
3876
9068
1162
9223
3433
7960
3538
5485
5089
6774
5636
398
2177
1220
8350
6762
5962
2352
8625
3948
4976
9552
4302
5044
3283
6394
1552
5166
9256
8477
1473
4362
9435
1836
3316
3950
8015
3754
1284
2308
683
7722
1734
6056
6327
1935
5866
9428
7264
41
8788
3959
3044
2914
3335
6312
6951
1082
5780
2606
7090
7789
7922
2118
2098
1485
3757
9592
2336
862
9235
5229
2738
1121
3497
5498
6659
909
3796
7536
3343
8479
651
5771
5276
5708
1216
5033
8102
6267
467
7068
6588
6287
7045
18
8097
7592
1576
2207
5411
9361
3972
7728
2641
1267
3564
7497
9979
2489
6141
8017
7266
4404
9798
5243
9830
5138
9920
1717
2694
2255
8141
7422
4672
3208
5732
7614
611
2048
6987
979
1003
2907
2263
1768
2924
1979
1005
4953
3911
5391
2278
5281
3394
1751
7674
4073
3469
1680
24
9093
4642
9580
744
1044
1616
5390
591
5293
4718
3595
3788
9156
762
6525
3367
870
4298
3772
1152
6376
9016
9449
4057
4843
4005
6696
939
2729
1912
4309
3719
623
9868
6469
1173
7757
1237
9041
1764
1132
9321
3205
6081
9781
3800
4140
7347
4801
8175
5734
8484
4407
3453
9837
9724
2485
7812
7274
1142
5575
4283
7622
1607
3181
1685
8746
3225
4981
6815
1555
6948
3836
6258
5292
9298
9679
3314
2629
9046
5676
3111
223
9481
328
2778
5735
4500
6605
2969
3982
7495
7563
2188
3374
656
3115
6385
4886
3568
8870
4986
1092
4852
1424
3582
9666
175
9078
6050
2435
1250
3722
3813
6753
1689
6435
7939
5455
4626
4054
8290
6014
3665
8551
5251
4308
5174
3889
5441
1063
7593
5269
2816
3605
2518
9964
9052
6059
3857
2498
7326
1419
1062
988
8027
3787
9004
4038
2260
9831
6459
5239
5137
561
8920
1799
9586
4928
8250
3923
3300
1838
7623
518
8571
4650
6842
7846
3970
1134
5401
9511
9436
1221
642
2001
4998
390
3600
5573
8008
597
1845
196
7481
9422
402
6996
5513
1468
2339
6782
2985
3844
686
803
5835
6144
5993
8398
9338
4149
9262
5579
8363
321
8433
1509
8655
7649
6157
4040
5801
6467
450
4569
7872
3071
2044
7549
4501
212
8759
9742
2870
9668
8001
1652
2722
1442
7710
7843
4565
455
9997
2475
7600
1803
2523
2787
6770
6325
2966
2084
5510
9900
5688
1311
2666
9208
1796
5214
9521
6290
3038
8018
1436
2441
9269
4324
3980
5816
1101
5641
8752
5109
6738
6669
9981
8472
3363
6968
2636
4646
9134
4433
5191
4853
3822
6026
4165
5184
8167
3855
7825
8681
3710
3646
508
287
2254
5415
915
169
7636
43
2776
8145
170
6451
2712
3604
8507
9869
7328
3860
5462
8435
6807
5908
232
3700
8745
5149
5364
6079
8744
7747
1114
7126
2417
4248
9062
3501
3479
1931
3434
5878
7101
2915
2180
209
3694
8265
9489
2011
2851
1493
181
6598
9921
5264
3474
4223
9841
5388
5316
6527
2569
4355
4215
3748
5986
2295
4064
5018
1002
6411
4808
4926
6457
5854
8256
7735
4911
5925
6491
6977
3493
8346
1309
2768
8262
5026
7753
260
6586
91
1939
3908
3729
5136
2926
960
5217
694
8737
4757
6315
7968
1767
8074
4667
5417
1466
5110
9391
337
9873
3182
536
1835
8317
2766
366
8510
2408
298
9824
5134
412
3806
5430
9441
5310
6158
523
491
157
8026
9611
2312
2401
1506
1510
8926
7777
1702
9451
5784
1006
2989
9943
4909
2371
7882
896
7356
1527
6510
3725
5193
2377
8275
9131
8000
7016
8631
6681
7270
9486
2018
5649
4527
8006
5013
663
7171
7465
144
1688
6027
6529
811
7392
5781
7508
3376
3306
6165
9354
8354
5940
2153
6471
8038
3562
7468
872
9475
9889
3492
1968
7201
2657
1347
7617
752
5552
7164
8054
7519
5902
5132
5588
3546
7254
482
919
6280
4788
3934
645
4931
7689
7581
9624
4916
9034
3331
1208
8688
9174
812
7807
7736
8131
2824
9953
6650
3332
7420
7655
7954
3588
3922
1954
4857
7669
6372
8717
7836
2215
7522
8152
1444
2366
4694
966
8689
6998
1396
9762
8251
6349
6196
5354
8607
3920
817
278
9121
6077
3398
6819
9340
8165
2925
3528
1663
7308
4024
1074
7373
2849
9726
6969
810
995
4398
6181
8785
5413
541
4136
9165
6238
4289
4432
8086
9140
620
7768
7438
9812
6675
8202
2900
2250
2205
5456
7895
1031
1421
9886
5116
7312
5848
2744
2758
6237
2430
9703
9238
676
8333
1821
9437
6128
9470
2942
4746
6084
3261
5099
7541
4185
8318
1471
4253
2208
1020
2419
808
4970
6293
1282
9117
8757
8312
2999
134
460
1655
2132
958
9346
295
8266
1199
2003
289
8749
6182
6691
646
6554
5064
3733
9691
4021
1562
5154
7084
1963
334
5150
7919
9931
1612
7716
6809
9711
3478
8373
5782
8595
2471
7082
8950
5108
9780
2890
7514
6132
5746
7971
1960
9855
3002
1052
7589
6170
5540
7382
5356
5601
5395
1033
9416
8500
6985
8989
6756
4735
8032
2338
1448
9115
3969
9218
1807
3178
1189
7897
9086
9119
8227
503
3048
6980
5627
9092
3897
5360
4121
1957
8873
2354
3979
4824
2788
7435
7385
9463
145
6089
3632
971
3973
9403
2246
800
9817
8012
2034
8981
6730
6214
6246
1783
5789
5247
2284
2732
6925
4082
6406
6336
3558
9281
5039
5707
4880
4596
4155
2349
2823
192
5765
8782
6379
6000
4108
1851
5695
2554
7538
2708
2115
7178
6383
6562
9079
9603
3227
152
9522
5056
9429
4832
6067
764
1013
9657
7404
882
6784
9678
9613
9605
8925
1111
5812
2265
9339
6641
5711
9287
9396
8166
68
9466
8143
4548
8388
8371
892
2022
2854
4730
3878
3382
4485
1486
6125
4615
2881
4171
3966
3172
5709
77
8378
6739
2863
750
2
9852
4545
2319
4003
1735
1425
2784
5699
3352
4661
8158
5473
3862
4951
6291
6595
6475
1125
4358
9136
3536
6546
7953
2800
6362
5868
1069
1222
1556
2382
942
6860
2445
790
300
5808
8654
8668
680
795
8309
5728
991
195
7995
8514
7567
3697
8355
5487
9357
7854
6954
4085
987
8387
8880
569
9588
6007
8493
2158
5123
782
9637
5944
6016
3142
3454
6387
5130
3199
9043
1618
9565
6660
1834
967
8770
8879
7883
5248
4454
7348
7844
5450
4048
399
9493
5553
1337
3858
2340
876
9949
9755
1730
7850
9936
2526
3896
2723
3484
9877
4409
5028
1596
9193
5858
2256
5232
8703
374
7866
6684
4885
5980
1306
2983
1050
2119
6946
2594
9816
3213
154
8044
326
9705
358
5857
1698
5694
9008
8235
4815
3689
7829
8066
3486
8684
9031
2495
5797
7441
2860
3660
8247
2818
3676
7030
9514
8077
7447
3554
3364
6743
3446
8059
5775
6970
3717
237
7515
4011
9077
8523
71
6633
9694
8502
279
5069
4723
7496
9876
3012
2275
2252
9966
5096
7229
5618
464
7182
593
635
8075
7775
7190
1502
579
6375
1460
2801
9938
3440
117
2156
6335
2627
4940
3650
4688
6712
6930
8912
3345
9782
9833
7670
5457
3461
8549
5041
2910
4787
7219
2017
7473
8428
1488
5402
2889
1989
7630
1637
6241
4577
9061
7858
829
4700
1563
6746
4246
5363
3976
6247
1270
5509
3272
8948
4903
5981
1797
1869
1882
1242
7394
7029
2427
8170
9508
1986
6130
7641
6587
218
6592
8536
211
7012
9260
8307
9536
5817
3821
8172
9358
6057
8442
346
1304
5380
3238
256
8709
3873
2701
6470
8835
5994
4173
2866
6888
1778
7583
8575
5852
4291
7951
9563
7279
7015
6666
772
9175
956
1115
2462
9420
9220
4644
9183
8559
4743
5365
3627
6695
930
7666
9604
7588
9204
3618
7034
275
4937
5198
8149
5412
2455
7380
4634
4320
1081
9797
6035
4138
9002
1728
5562
9519
6119
4393
3625
1649
7574
5500
514
8990
7808
926
8577
7234
6359
1004
3490
2563
235
188
378
3559
6441
7586
6667
8219
7116
1381
9250
7257
1881
1157
4225
9994
1771
4651
4058
5162
7120
4416
1413
7616
66
8987
6155
825
711
6093
7580
9513
4961
2633
5968
9129
7748
9172
9011
7645
2057
9379
3850
4806
8410
6933
9024
9510
9556
1859
6702
8897
9307
9593
5057
4621
5240
4031
7744
6848
9152
929
9720
4495
1666
147
7738
5067
1905
3488
7778
8615
8101
7815
550
6581
6490
927
4046
3378
5791
5444
126
6251
572
3391
8678
2171
6377
4105
6903
382
4299
6630
3061
2477
5620
3763
8217
4411
6542
6881
7880
1289
7432
3906
9989
8869
1877
2602
5584
8228
805
2877
3691
7378
7798
9673
2369
7615
4275
3939
8521
1060
1535
4780
9219
8665
2668
3223
6766
6967
7776
8042
8940
6814
2002
719
928
5246
9182
5261
6686
1983
2363
1615
6608
767
6075
3295
5605
9352
2416
6012
8327
1497
6156
5624
6369
5643
3918
7512
1599
4850
1462
3058
3681
8991
7584
1133
7562
7694
7978
2141
120
1131
5798
6360
3302
9392
1943
418
7553
6142
4234
6553
9815
7671
9946
6169
9917
9353
8417
9188
9233
5200
9137
4157
8934
4141
3183
5338
6652
1678
2093
2836
2200
6897
3883
9197
4363
3670
9639
5160
9740
5744
4014
1781
9958
4043
1829
106
996
3831
199
8369
1126
8134
5309
5333
4015
7272
5668
4378
8813
3149
4438
9942
1025
7952
5717
5107
3218
7263
8761
4000
4380
6381
1472
2903
149
6430
3780
4078
8750
3015
1071
9186
9167
5542
4120
3819
8540
9181
8753
7430
8619
6453
9912
5408
760
8474
9737
8258
3026
9591
6865
6627
2126
6303
5443
492
6400
8700
8198
6043
4935
8314
9076
3195
4754
6532
7686
1363
7479
202
6780
3584
4394
9168
2548
9564
3447
7111
3550
9313
4790
4904
6760
891
6497
3782
3460
932
4657
2677
7611
5095
6269
867
98
8040
1032
8974
5199
8485
8635
9308
6266
2311
910
8929
4681
5581
5429
1906
5358
823
3606
1551
244
2365
9743
2703
9723
3507
6890
688
2103
7388
6386
2927
6331
6298
9296
3728
7343
6492
2211
4851
8344
103
8588
8110
2872
4331
3991
9671
7877
1861
2360
1810
1718
7754
1769
2302
2891
1083
2840
6431
6731
4606
4328
9763
1737
9609
1525
2438
9751
6055
9932
2341
2092
6494
8308
4221
6275
6676
7647
9413
6289
997
4169
1719
1784
4099
7242
1864
7203
9615
4990
2745
2682
9234
3334
3640
1684
3006
5503
8942
4026
4725
980
5442
2334
5387
6585
6843
241
881
7873
9111
4372
1246
4144
7396
8646
8699
303
6617
2452
7137
6561
9185
777
7384
1920
7976
773
3018
6618
2038
513
2062
4643
868
630
4761
2281
3126
7969
139
7200
5035
6361
2517
5119
9783
35
6439
2335
8277
1913
9923
7023
4036
9348
5825
8429
9746
8574
423
889
83
3688
213
6916
664
4262
2655
6602
1223
1479
8276
1112
2269
4357
6847
7080
2277
3079
8740
2922
8194
7372
3425
7097
1819
8319
2536
7780
1067
5617
8173
36
6891
784
8231
1670
6724
6907
342
8336
7896
9194
692
3917
4035
8504
5967
8916
5185
9731
7498
440
9730
6087
4652
4858
1694
3153
4514
7024
277
9750
9141
7551
4033
8984
7192
1349
3579
4829
3064
5142
2447
1914
2713
6993
8177
9764
23
1870
2028
732
3091
9051
8381
2474
2831
9701
3336
6900
7673
5995
9686
2226
1264
8936
1214
4065
1301
7487
1447
9284
4589
5299
9327
9685
5343
3222
925
8790
7095
3734
6105
2055
4865
4506
6092
9164
6255
247
5492
3157
2964
8302
2288
6096
9001
655
7033
4901
4590
9795
7371
1713
9630
3926
6008
2228
1343
3707
4875
3443
5104
6613
5376
5202
6440
3224
9733
8844
838
8534
7108
7537
3384
6992
3693
9598
9020
8602
4550
92
1872
3968
9813
4123
1108
9252
2521
8375
6482
1253
6173
961
2124
5663
1763
531
9769
1014
1329
1604
6803
5434
2361
7408
851
9874
9322
4429
7591
6206
166
8853
9636
6197
4722
691
7996
5767
8323
9967
3158
8995
6626
3429
6011
54
8119
474
887
8899
2450
3481
6434
9777
293
9294
4212
383
6516
7425
739
80
9315
4633
2350
3129
4317
5382
6322
4111
9859
6306
8269
487
8239
4882
2253
6902
9009
6397
8756
2248
5427
1793
8589
7110
413
5152
6811
6663
5366
60
3276
1029
1492
4595
6414
9499
6531
9863
4996
7672
2134
3807
9128
8685
4552
5496
6851
601
4612
7783
8768
3825
8456
6452
608
9147
453
9959
2705
2273
4451
9716
1335
840
6080
5216
8641
5687
2721
4947
6572
5628
2385
2893
6032
8774
7795
8450
389
6202
5776
4242
9089
1594
6748
7113
3903
3230
9177
2114
6568
10000
9019
7894
962
266
6558
8220
4271
255
809
8908
5650
2621
1987
6285
8216
9359
3036
6370
1117
3076
9991
8415
5267
1800
4176
9773
9003
8211
984
3244
4629
6754
6476
4131
4873
1287
240
8931
768
1061
3905
4796
5314
737
7848
3408
3677
4710
6316
3856
8900
4334
4410
9455
2429
107
4041
1789
7305
1120
8332
9904
8565
7796
6563
5690
9155
5630
4716
2905
763
6697
4192
4674
3524
3941
9369
9096
4867
6211
6883
448
799
9884
6443
9209
1712
3545
8294
2547
4049
6688
7915
3944
5991
712
7143
8255
3267
4263
7642
1982
7938
8401
8197
2111
1813
3716
9571
4333
313
2411
8406
9861
8013
422
1235
9972
6326
9153
5949
7121
9098
2426
8449
9897
8567
2522
6066
7222
6677
3348
5706
5779
9479
3985
3375
1105
3130
5813
9963
5211
1430
3617
3810
9390
4373
3859
2608
5742
1926
9271
3320
5015
5375
4148
1251
3761
6557
1400
4387
6747
301
3476
6936
45
7565
604
528
5428
4152
9474
108
6069
9785
4154
2094
3311
1000
9139
6036
3110
9398
8765
5145
4982
6825
9649
7461
4677
4231
4032
8270
5196
2343
6319
4258
7106
9057
2164
8421
8837
3482
9320
4056
9823
9853
2844
727
2006
3840
9739
8705
3901
1620
1053
2697
2229
7197
7621
2707
9819
3932
2049
3753
4351
4530
8594
6960
7900
7903
3243
2552
9316
6999
6044
4535
2096
6797
4259
9310
4122
8975
2921
9488
1815
5147
9050
8053
2238
9490
4969
7140
5917
9163
657
9662
9860
5516
9704
794
3046
1976
8824
3893
8894
8351
3965
7628
7418
6535
8675
6597
8212
9538
4126
3450
2123
6772
9856
3154
5021
1198
4519
5481
3491
2108
4834
8854
1770
9148
8711
4217
3275
253
2660
965
4640
2593
8867
6777
7403
2672
5567
5837
1573
9302
1794
3565
7187
1858
5741
2961
3699
4699
2970
5880
8321
3389
4028
7167
4287
6583
4933
8447
1782
2659
9669
2991
6918
2199
263
6642
5951
9734
1772
1773
6398
2322
9246
1546
6838
8783
5546
943
5351
586
8496
9929
2176
1191
1159
5242
2808
2980
598
3875
61
1254
6299
522
9501
2047
3708
864
2528
2099
2734
7202
2428
1316
524
6804
4828
3171
9162
5593
1697
9411
9065
2389
4297
3515
5583
9970
1895
3421
8135
5350
6943
9040
4944
3457
3829
6323
7784
6120
9527
6006
1547
5615
1674
357
8601
8112
1775
7360
3285
9693
6419
3993
4863
1344
5144
4836
7862
6515
9888
9122
6988
4859
2496
1426
8573
3827
907
9788
5141
5195
9907
8569
3151
3245
316
8862
7450
2878
7439
6711
9922
5065
723
38
3698
9802
5207
738
6436
8864
6420
9203
5526
7700
4648
2300
3328
2337
3412
9988
9689
1909
3288
3123
7838
2342
7107
8425
79
4974
2740
8970
6229
9289
8557
210
3089
4950
6388
5014
9497
1055
6083
3254
1209
9291
4102
100
112
8060
5258
1416
7688
4751
5418
1193
6721
9337
2030
8679
9261
5616
7319
5853
9950
7318
6910
7865
1116
751
7075
8058
923
3824
5027
5957
6571
1558
5790
9674
2560
6342
6284
5669
9757
7133
5556
2162
9017
4624
2059
6638
8432
7009
8463
1790
3629
832
8876
1949
6189
4482
9446
8818
3994
9879
2597
6504
1852
4229
401
9786
352
7693
1399
4897
459
7970
9975
6212
4939
5080
2212
819
7657
8108
6070
4293
9081
5886
1330
8804
4345
7708
2628
5731
8834
9608
2482
471
2749
9277
3326
2993
8543
7599
4795
254
3410
9820
3843
4227
4206
2750
5900
7296
2439
2695
1192
2499
6600
7325
7576
3240
9408
163
600
6689
3150
490
2065
8896
9021
7569
5610
7680
7001
8045
900
9854
3327
396
1302
2473
4502
3814
4303
7027
6351
9264
6294
6654
1015
5893
3234
8243
5437
5565
1268
4196
9113
5600
2533
6566
7933
1102
2220
8124
563
702
8069
3746
8306
4520
119
7374
33
4268
7898
2299
9144
6556
2247
6213
4698
4285
2882
1574
1465
1825
6740
9961
1243
4544
3007
4349
5017
1802
6551
8732
1499
8488
2005
2511
57
682
4868
3471
6973
5802
5774
8823
3053
8568
2351
9821
9722
5632
168
2812
6033
9229
9212
1923
7114
8438
643
5896
7256
3189
548
6771
6252
8245
5460
2196
327
1106
4213
9406
3339
9713
2649
1888
7830
9612
5302
6792
274
4776
9283
7139
3895
5052
49
4476
3355
8481
2829
9627
5396
9818
5223
8680
3735
6872
5449
7500
7350
992
6243
8883
7096
7875
456
6635
8614
9189
5224
8029
7236
9377
2443
7828
7503
7253
9471
8186
2434
4692
322
7727
4531
7607
9638
9838
6108
4740
7685
8153
6199
7625
9104
4910
3043
8070
6939
8919
4684
7802
7471
6768
8491
6539
2306
4618
4712
3630
1627
250
6231
443
8007
1154
7241
4464
1780
3569
8701
19
5646
6505
7446
7994
6102
5486
8582
1361
9903
2638
973
1671
936
5978
3552
1710
7156
6536
9984
3737
3516
5913
4555
2709
8748
46
7361
5074
3652
4948
4945
6517
2147
6148
44
8518
8329
344
511
3113
5926
1916
6538
6610
5844
7078
6278
3318
5286
788
304
3209
2206
6344
9507
9688
2476
6701
1375
6061
1085
6031
1632
7786
8516
9085
6254
373
3520
6763
8440
8137
8361
3062
5313
2962
4104
3892
1715
8144
8634
4680
7891
605
6110
1195
8825
9547
2333
6732
6541
4153
7218
5840
9230
5806
5139
8674
4025
9280
2080
7732
2610
3615
2182
8486
1247
2217
6399
2923
9473
8832
3518
2137
9433
5958
2671
4503
3609
9735
4294
5842
804
5730
2117
3282
7138
9099
3060
1271
9632
4391
879
6501
5522
7054
2140
4695
2024
2329
8927
4239
3841
102
2803
5937
5638
8860
9721
6544
219
613
9535
2444
5864
4326
8094
537
470
1880
7639
6742
3024
8439
8789
7774
2390
4574
2646
8034
6139
9350
2771
7246
3266
3423
1928
1972
9800
678
7314
6329
1388
8036
2994
7511
7077
8821
888
345
6520
8605
9652
3749
2895
7975
8801
4999
6163
4159
3416
6223
7934
1650
7577
3952
409
4325
8482
8792
8113
6185
5330
7265
5508
6296
7467
8457
1156
1699
4127
1398
9370
8962
2549
8418
1675
4576
1590
8130
8089
5661
4655
1445
9933
6004
4623
8237
6906
8087
5758
7629
8996
9199
7804
4096
8295
4669
8494
1591
428
4146
8380
1665
7239
3080
2309
7235
3727
458
3176
1245
1587
9071
7650
2865
4664
7972
3037
1001
1041
8845
9295
2781
8004
4311
1543
9836
2081
3626
2802
9381
9872
3202
8856
9324
3370
5197
9288
1194
214
7923
3651
4585
8803
356
7146
842
5568
8213
3390
5458
2493
5689
4794
4870
84
8416
1701
4037
7725
1537
3277
9069
484
7979
7163
4412
3960
7072
2885
8063
2565
4467
9498
6205
8201
9472
9504
7377
6074
9232
5518
72
2675
4670
4936
7173
7093
4803
8287
1149
5828
6901
7890
381
9582
6217
5471
2437
2374
2520
2008
6324
6619
8923
2071
1879
2587
9259
1631
4900
1934
6820
9574
5003
7718
2791
7028
9270
4913
5622
652
6374
846
5386
2069
5664
1277
6709
4233
6614
5745
3704
5303
5403
2647
1692
5626
1673
2241
7131
8956
1484
9196
9525
2142
494
7907
9842
264
6661
8529
5368
2884
6265
3480
7148
787
7211
3054
5252
9520
2305
6577
911
1480
5384
3864
6511
3643
6649
1234
4399
9215
869
9559
9341
6834
8454
6798
2043
142
9725
902
7550
7762
5990
2362
5931
8584
3760
6005
8669
5811
2112
7215
9456
2945
9285
7278
7170
565
672
9236
5590
5238
3509
3591
3397
7893
1601
9082
9187
9412
8972
1521
7743
2233
2424
4614
6078
2537
6018
7602
2876
4150
7209
5308
6775
1726
6640
5525
3549
1814
4866
2116
1958
1533
56
6461
5431
8840
9334
2400
297
7067
1185
1402
1593
2906
8663
291
865
8539
4619
5063
347
6013
2431
3109
5272
580
9885
6776
414
834
138
1548
677
2072
5221
3104
949
1952
8297
1346
9687
3636
3781
7518
8777
34
2718
2133
9326
8
1822
6503
3392
7025
4191
4343
740
9758
4685
9453
8471
3741
6829
2540
6518
446
2007
8252
8281
7885
6041
3937
8379
8951
4994
3310
8104
6941
7935
622
2835
5499
290
5827
4755
1530
8677
3779
1971
6268
1393
1875
8760
8437
1098
9135
7426
4088
1498
6454
6856
6624
5533
8820
8603
6972
5606
1315
7035
3658
1294
5989
814
1432
9311
4594
3069
6791
679
6277
8548
9506
1019
3393
3498
1446
74
1690
3736
5180
1936
6063
5625
2834
8715
9629
4166
8547
2767
2492
7010
1139
2965
2746
8470
3542
1630
6484
8961
2404
7273
3555
7174
7619
1458
9982
5491
9878
5489
7188
3977
4773
9176
2317
1844
5860
4601
706
2940
9161
9622
3811
1091
6685
878
9602
4002
6522
2685
9378
7483
7005
9439
8905
7905
8716
5637
4059
3173
5327
7132
3957
6997
5697
9166
4641
7141
478
7493
9505
5528
6806
2909
6347
4426
2230
9697
9601
2807
9986
9108
6632
6852
7742
7958
1275
4993
183
3804
89
4967
2143
4917
1456
4499
5997
999
3647
8233
9851
4770
1279
1249
7797
9055
5204
6833
9468
6180
7315
2042
2407
5037
4959
5955
8088
227
2395
9500
8771
1809
7490
8735
716
5685
1283
1145
6088
4118
9898
3159
4771
476
6297
8887
7899
7803
6863
6703
5153
8525
2090
1453
7395
2097
6802
5973
6827
8100
5285
3675
9335
6574
7868
2457
9575
1991
5793
916
556
3672
7268
8621
3212
8071
6935
1322
2423
9319
1995
4923
1633
6168
3330
9594
899
6308
6612
2490
2642
8146
1679
6332
6818
4988
4381
2555
4278
2570
8952
9216
6683
6718
376
1211
8764
5082
9620
1564
1160
854
858
7181
155
5341
1828
8720
1732
2765
1608
9028
2508
9531
8280
7151
824
9539
658
8833
1285
5582
2138
176
6508
2833
6272
5163
7603
8326
7334
9330
2280
9576
6799
8324
8489
2984
7089
3764
8890
9589
3526
441
3489
4893
2567
7345
5611
3128
6210
4517
6103
6413
6187
3215
4896
9445
8065
2145
4076
3424
9387
404
7482
5863
349
871
9828
5608
1536
1022
8586
9066
8064
1119
6528
1040
4744
713
5490
1933
4547
4763
1614
3635
8985
3940
1598
835
3766
3881
5188
6609
4279
2314
3740
9584
2053
8503
2307
6934
7594
5381
8061
1148
3880
1260
4182
7799
7590
3373
6662
7098
4906
8673
468
2110
6178
8731
2637
5750
1975
7103
802
6049
3098
360
6543
353
7659
6886
5635
5520
7406
5841
2859
6810
9610
3909
2432
8082
9039
8810
7787
6135
417
8729
8872
6455
325
4427
439
9090
2963
7191
8330
2739
947
9049
8205
9356
5173
1171
70
8632
7300
8863
1066
2684
6418
6800
8468
6849
317
7874
8448
7295
4835
5192
972
4647
4759
3541
8857
7226
9728
8506
1070
3742
3017
8178
1469
2066
4337
2009
986
1037
4592
8827
5566
1619
8955
6458
6391
1672
7528
2525
3269
9658
6415
362
4288
1805
2663
6051
1420
5357
2052
8084
7286
6201
9896
5836
6976
5698
9072
8560
272
570
5537
4526
1659
8650
4529
2232
1084
2323
6216
5648
7516
4946
9424
4069
3945
2509
3379
8366
9934
6904
7916
637
9526
6432
4431
4045
6922
9371
2502
7646
2313
9138
2270
9745
5073
8743
4895
665
5342
8047
5786
51
4905
8403
3086
747
8651
8868
2979
4170
8320
1240
8846
4635
7238
1181
7172
8174
2514
1174
3040
9899
4019
1747
4807
371
7904
1187
3274
4515
4273
5659
7400
4240
7540
7573
2412
5094
3235
4497
2064
9544
8843
2088
6215
6172
2244
2321
7548
1046
8096
1429
6678
1830
4194
9918
5506
1691
1575
4418
594
5030
8162
8725
8982
6207
4609
9027
6015
4061
526
2068
2997
1940
6371
547
3496
1999
3299
2687
7488
7947
6526
4558
1297
9741
5419
937
7837
2935
5117
4965
2129
7290
9091
2167
3612
6270
2195
3987
745
5328
3475
5507
4846
1921
1228
8947
7212
3210
8180
8980
4006
6874
8147
6410
3817
2243
4323
3623
3534
207
7521
6481
6496
76
225
8580
7991
8249
6913
6956
8907
5463
4237
4567
1387
7992
1213
2106
6065
797
5665
9484
4417
4631
3138
8911
866
6533
2826
6816
3353
5371
8441
9241
2061
5972
5405
5291
9074
1883
7399
8893
2010
3653
1265
1884
5112
5691
3188
1600
498
1200
4819
284
114
5020
6611
3262
9180
7765
7668
3667
372
1435
5348
6877
6839
3714
1034
4053
9648
1175
2433
4484
8458
3
7287
4243
8538
5244
16
5680
3042
3666
4954
5178
1095
7086
5087
7057
1990
9683
8628
8376
5131
7926
95
483
8599
7337
827
4884
5514
4658
3967
722
4731
9434
3877
3590
5081
2658
3818
8455
2000
6137
3596
6699
924
31
2083
2183
615
7081
5631
3057
63
9772
2469
567
7855
1288
4116
7941
162
3241
6744
5712
4603
5909
4354
3870
3066
9029
1259
9990
7851
4316
6534
1012
124
8713
3251
4216
283
7003
8343
6929
2817
6767
685
7445
288
5392
1944
8812
1385
4384
6564
5222
9952
4581
8286
4119
5414
3752
416
1241
9459
3386
4459
4877
1695
2626
8238
8193
3147
3499
7834
2916
1584
6645
9440
1740
8031
282
7533
4516
1862
2272
792
2786
9173
9715
6793
6447
9870
8829
1577
9512
4575
5885
9491
8284
4733
3947
8978
5822
7346
5477
4825
9829
3769
2719
2566
7018
9915
9790
8392
783
5549
4702
8708
3925
133
3127
6894
4724
4044
6314
9532
2425
3921
9596
2050
753
6607
515
4315
5407
3576
5042
3284
6708
1036
1580
5598
7462
7792
533
343
5257
5911
3203
7059
4907
5922
3464
1452
8769
4405
5574
2956
9293
7667
6124
5445
78
5322
6209
1526
5810
1626
7317
9727
3349
7085
6651
5875
698
8259
5657
4468
2673
4678
853
7864
4390
4070
3407
3610
5424
4444
8185
3768
2214
1354
2631
5155
3521
933
1378
7564
4112
9482
8461
1624
8473
410
1903
7349
8800
5521
2442
7020
7047
3551
8067
1233
7210
3899
5422
1512
8958
9006
7570
5378
4837
7665
3500
3436
8645
2479
1326
757
1843
4341
5161
6333
3812
1756
906
7523
9275
7609
5652
9342
1367
4449
4799
7261
6835
1172
7974
8041
8409
7036
778
6623
2960
3414
9255
4856
8261
9240
2558
5861
9894
2304
2345
8296
2853
5647
9985
914
549
6578
5190
1008
654
2257
4377
9063
2955
6734
7457
3186
7243
3179
6330
6965
7240
2025
6521
8819
7632
587
4007
5420
4177
7443
2231
8902
5023
4582
9794
191
10
3786
4784
9364
4379
8509
9738
9646
1668
1280
7407
2459
7169
4578
3239
5796
1080
6953
6606
2875
6788
1965
8362
1087
5675
9012
9394
4106
3253
4306
3175
2020
7749
9462
1129
7713
8590
1320
7301
3784
4469
5215
2832
4452
6233
5297
607
7525
217
3409
8921
857
3366
5589
1383
1380
9044
8420
5959
7571
4659
9643
1519
8085
544
9332
843
507
3712
1589
1729
8600
779
3532
6114
1007
2019
7741
5032
7198
8292
1336
2996
4543
3294
7847
6547
5469
205
4507
6045
2358
5814
3249
4818
5710
4797
6620
5965
4156
844
9714
1475
742
5058
9867
1489
693
8405
2535
4676
6548
8695
6986
4608
9947
5177
3356
1079
3268
771
4091
9597
3308
8877
9670
8414
5259
4580
7824
3237
4605
340
3287
9266
3362
9787
8353
6190
3028
9158
190
4352
7354
2224
3119
9154
2874
2871
8707
6858
1786
2953
7942
3032
9910
2045
4470
1932
7381
85
1854
7160
4715
3124
8570
7937
2950
3132
2077
4602
5070
7606
1910
7860
2604
6030
7335
5170
6259
1331
5000
3668
9656
5935
5693
4415
8564
9567
2613
3705
7115
8076
1239
5756
7913
4313
5329
438
9030
8115
6348
8542
1072
4072
4
7413
203
5757
6468
4389
6713
2590
2397
8866
1603
3357
4518
2186
7142
6409
4979
3067
9862
3808
3983
5219
2828
3217
5910
3052
2527
632
6153
2588
6162
6286
7260
3472
315
4745
7230
4938
5120
4785
5559
348
9808
5101
944
1634
5305
1994
9064
9599
3773
4975
1377
6648
4638
4132
1753
4568
9747
7635
1887
8451
3000
1356
1683
9389
6239
3648
299
5869
2026
2031
765
2370
9955
4376
4920
7366
6019
4385
2032
2218
477
7459
7091
7601
388
530
3849
50
8781
8127
4241
638
4838
8225
7505
6672
2692
2959
9577
4841
9150
6549
5370
8622
717
6751
392
7052
9151
9767
1035
532
1744
5532
8697
1501
6003
9865
1027
5772
6700
2986
1609
4607
4556
545
3586
8126
4804
2505
4958
320
4180
8653
8289
2691
2021
1138
2378
1319
741
1540
8079
5736
8241
4374
4566
9217
1635
3301
7489
3830
9368
6757
5235
6160
5220
3165
9710
6352
5887
4189
4736
3135
6405
8386
7428
8352
1110
7032
1184
7527
5054
167
540
3323
9248
6741
4848
4203
588
9698
9681
4984
9243
8579
5426
5083
1996
4584
7158
4029
9644
527
5655
8909
8796
7986
5515
8195
5824
9125
4729
562
1355
2730
8475
2151
9684
8232
1461
9265
6034
3216
3084
249
749
2799
3638
4523
6938
116
3720
6138
1945
1163
1582
3011
8648
7912
4742
8246
8693
4186
9276
2326
1318
5555
8986
1947
880
3695
4610
6152
2827
9178
2645
856
4388
5918
8658
2690
104
151
4549
9042
6629
9409
3851
5960
3958
5404
1709
6982
3927
6465
8273
3907
8937
940
7618
5201
5300
3021
2825
4034
7769
4912
5560
9053
6389
4401
12
6305
1739
6227
7367
1397
7128
9088
1997
7634
8426
5504
4483
174
1415
9297
4726
330
5544
4978
7652
5326
2481
3290
1218
485
3998
6150
302
9221
6644
9038
6989
653
2753
6279
4340
7520
3865
7004
425
4247
5103
4689
2622
3096
4075
9118
3711
9690
9665
5614
8672
6720
6523
8396
3884
6628
8423
7704
377
1716
4758
9732
1212
6188
9126
6671
4538
7324
8616
5122
7927
7310
1904
158
4051
4350
6927
648
1047
6367
5106
8533
5803
6151
4625
2290
8723
5289
2995
4395
8019
4050
4281
3255
3577
535
1941
1693
9070
8039
164
8676
9569
6786
4817
7773
4382
447
1455
5845
826
1661
384
6823
4921
8647
8964
7424
2735
3190
4854
9037
6885
2704
1290
2785
7359
3799
1068
7755
6773
5881
4296
9458
735
2259
4413
3369
1227
8531
4541
4598
5078
6283
3887
6446
9655
2516
3400
2855
9207
6785
7957
3075
2804
1097
1850
8043
8370
8419
1313
9478
1482
969
6991
4292
9804
7355
3756
599
1823
5856
4872
901
8116
9814
2742
640
2303
1205
403
5982
5279
1511
8338
9464
7999
7391
7892
9695
3078
1662
9700
1847
6
2289
8360
4097
7660
7887
5433
4198
4052
2204
3430
4332
4022
8234
5335
9228
3690
5038
3547
230
5186
3527
8337
5907
276
7297
3431
5111
7791
1959
555
1785
847
8698
970
3039
258
7134
4461
9578
7387
1407
8611
9225
1401
7990
2977
8358
6449
2073
5345
895
4437
998
5558
8535
3206
4249
781
6421
5884
7475
8080
883
1089
6636
9184
1886
3655
2125
6580
6123
1147
3669
1478
8608
5346
3953
2796
7818
912
4445
259
4158
1571
1871
3598
9015
1766
5156
1252
6796
2249
6867
5231
1150
6647
2577
5633
5538
8935
9914
3417
1595
4995
8858
9776
7225
5833
6783
9621
4617
9423
123
8512
9485
1018
5090
9263
957
8483
4845
689
4908
793
3485
3981
2978
4660
6512
8913
4588
6218
1409
4114
3163
951
9376
5876
5585
9303
1978
3477
5865
1948
6552
1030
2773
6091
4042
1100
8331
7506
9883
7227
5100
308
3871
5826
7275
3678
9924
2144
9677
5093
2293
8341
3792
5901
4847
25
7117
2380
6463
2268
4089
7065
5277
8003
2728
4232
3702
7973
4881
7231
4673
2287
5890
8161
1640
9427
336
419
6722
8365
5561
7763
2169
8733
7233
4220
3616
5715
3842
497
8850
1918
4622
4997
6966
2605
9562
5769
7161
2534
8928
1197
4419
2486
7070
445
5686
292
5399
8747
3120
8798
581
8546
4691
4889
8278
574
6575
444
1646
5760
2101
7785
2898
9844
9109
8395
1808
9881
270
5118
7247
1700
9013
9871
9425
9438
7966
351
7007
6226
7155
3265
7766
2892
146
6601
4914
1219
4023
2869
649
6220
239
6919
8922
4922
5260
6146
4103
1779
6692
5963
582
1930
8802
5855
4587
2601
7217
603
6765
5472
6519
2170
9977
3505
5671
7759
3462
88
8478
6009
2650
6460
3304
4898
894
4109
2783
2972
5923
8682
3399
8090
2515
8138
7656
5451
7255
3597
6664
3633
97
1585
4789
2754
3563
3201
1293
4474
9647
8959
3645
8335
5591
774
8553
6693
3601
6115
9748
6365
306
9617
5271
8283
4207
5846
9362
5423
5915
9056
9059
7814
9793
2532
2122
6427
1532
6253
5831
3226
6462
2976
5233
8282
8268
9676
884
9566
9306
6868
1967
5740
6861
5010
1760
1974
2403
8706
985
8519
1026
5459
1588
2465
9913
6020
5236
7476
3117
2192
2285
1708
3305
7651
3297
4537
5467
1586
6698
5751
5488
5599
6710
3380
6550
2539
4211
9935
1296
3624
7136
1660
1520
3009
52
3759
5022
728
7206
42
4586
201
5939
4860
3134
8670
48
9323
8949
2368
3322
7193
8095
6582
9614
7852
5530
4782
8775
9195
7626
1787
465
1078
5452
9996
7863
4475
1818
4321
5550
8218
4662
7499
2235
726
1559
8035
903
9421
4160
8638
4175
1358
828
5115
2609
2733
1464
1826
7692
5805
798
3575
40
7369
5879
8248
6244
5870
2157
2060
6126
3444
7925
5164
1325
7658
3783
5053
9025
4985
4521
7585
3835
2466
2320
2582
959
8780
6855
9375
2901
2946
2710
5673
512
5938
5205
2789
6590
1177
1298
2105
8226
5061
7119
5752
9169
7282
4809
9142
6975
9210
5397
1373
1752
9145
2460
6889
9675
6343
7827
6944
6892
7751
4147
8967
8817
7638
3452
5265
2046
3458
1107
5899
4077
6073
8467
6396
9494
2127
1707
4465
3657
1418
8649
3344
3342
7299
9835
6154
5882
9073
3744
6569
7839
7734
9848
4310
2654
7463
3581
9380
8208
2504
8979
380
3106
1333
2296
3264
9407
1272
5165
4265
4693
3495
1657
7539
860
6219
758
2918
3915
1857
584
5301
2266
8062
9523
180
9405
2004
7699
5171
4369
7739
2131
2696
9244
9660
6107
743
3583
7313
5148
2794
3449
7224
1896
8583
3820
2054
9231
8129
8836
2585
6729
4741
848
571
2262
3962
9744
2904
9120
975
9653
8875
243
9386
2324
9600
6195
5984
4786
1711
7677
3713
8445
5720
8637
8021
1059
3866
5373
3608
2386
3933
5800
8593
9242
6390
3898
5639
1262
8763
3325
5284
4798
8465
1352
7092
3114
6480
8459
8612
3025
27
5474
7122
7492
7914
2035
1048
3233
5839
5830
4282
3594
1021
6318
8229
1855
7709
4987
2197
8554
9318
8714
1900
6530
1438
324
332
9960
137
890
9805
9811
1798
486
2405
5927
8192
159
1153
4613
6086
1755
3894
75
1229
135
8826
1428
8310
8885
385
2318
1500
4551
2894
5055
3246
3196
2393
8842
4400
9305
6121
8046
5807
7750
3833
8606
2674
519
3620
424
1057
4290
703
3438
5759
309
9770
94
3405
1721
4252
7723
8328
64
9402
5495
3200
2283
7640
6356
9442
1317
2087
9033
2237
3022
2614
472
7363
6733
4764
5466
8544
7341
6320
4414
4092
8576
5613
5181
2612
3070
5578
9431
2546
4020
6723
4840
7118
9047
257
2274
5936
7717
3847
502
721
1332
4839
6489
5832
7695
2251
6880
8838
7194
5714
2191
5906
661
8025
4956
5425
177
5209
662
4255
6072
4336
521
7993
7554
9545
8345
7566
9775
559
4800
6099
2456
5883
1016
8994
3585
3473
3319
8033
333
7559
1164
9349
3072
4130
4129
365
4074
4055
7458
1274
2181
2698
5787
4721
2820
9682
7433
4540
5438
3068
2947
5187
8724
3619
1437
3798
7125
5523
3466
4359
8597
8776
5704
1328
5146
7820
5454
5551
4435
215
2899
5642
6248
3451
1929
3289
4403
4143
5895
3539
3174
2727
6615
1431
6426
9492
7451
3396
6288
8342
6808
184
7405
4187
1394
8114
5547
53
6038
2615
9543
2381
4696
6131
375
125
6714
7491
3273
1351
8891
3891
1622
4714
7147
1144
8849
9973
5318
5987
2379
2100
8874
1151
6328
839
780
9460
7962
7557
1140
6186
5872
9226
3296
6728
1866
2862
9846
3943
6111
4094
5332
2971
3837
6869
2225
5210
3219
8609
3567
4356
1449
6109
8196
5815
8316
1308
6959
391
696
9205
9300
659
8758
2731
6364
3990
7304
4270
3228
7977
9827
921
8971
1605
4447
9383
3919
6979
1226
8558
5850
9956
8652
29
4439
3185
5947
4654
3709
4894
6194
3204
2331
6603
2187
7485
1544
3622
1902
5355
7684
8730
6353
4202
5002
3383
310
3614
704
3654
5280
8578
7135
8384
6355
7910
5778
6438
420
7331
3593
627
9626
6225
7733
2051
1341
908
3291
2912
3649
109
9712
442
1276
1765
7998
2149
3152
6466
4079
8992
9707
9133
9533
6821
8304
3951
5928
602
7228
7597
1183
8139
761
3573
8204
4963
8633
8214
731
5043
3427
9452
2448
2291
5465
9561
3258
8914
2618
7074
833
6382
8257
335
8793
5287
1676
9708
200
208
206
3193
6407
4821
1368
3019
8291
7924
4833
1391
7930
3016
8128
3263
2725
4371
8157
2562
435
3592
2714
4772
7987
6828
2643
8154
8610
2414
2579
7682
8288
3589
6971
7393
2346
7402
5571
4086
5336
9222
3406
1167
405
5754
8662
7322
7955
8963
9893
557
9060
4098
7008
1127
6789
3371
9650
836
7365
7330
5950
7055
8831
5809
8434
7840
2150
8692
5739
9282
2990
2033
8179
2327
8585
7856
4508
5953
504
8722
8671
6962
4737
9179
6896
5834
8797
3935
5654
495
9312
3949
6893
3298
2702
8005
1623
6658
6745
3073
5409
7545
8305
5079
6423
7758
1897
9672
6313
1539
3731
6134
3571
2616
9399
7760
5353
7963
8207
8460
2155
3340
1955
4704
3868
9516
8522
4200
1392
3030
5127
1348
9106
977
5494
5383
2699
8400
3853
8049
3599
5102
7223
1339
9417
5275
4443
4462
8303
2757
9937
9404
9779
3986
9245
110
2603
1727
8691
6281
8163
1360
2454
6203
8667
7175
1180
1042
3317
3890
5439
1508
4219
182
558
841
2938
7364
7145
6338
7060
222
8109
3637
5393
4408
2937
1938
4128
7845
3155
7724
5362
9067
2928
796
4826
7043
2770
9476
7460
9317
7920
6358
5703
8446
5009
9980
5012
5179
7513
1722
1656
6665
7964
1628
9410
6631
386
5519
6758
3059
3790
5658
4792
2184
9558
9550
2763
427
4245
5596
4830
6054
791
294
2805
4760
9343
4599
26
2821
7000
1985
2939
5062
4532
1812
3797
6875
3136
9095
7620
9198
4812
9530
8372
2792
4441
2178
3148
1720
5361
4775
2165
8799
3428
626
3257
8642
1215
8702
7961
7398
2936
724
9948
3229
2128
4703
2276
6846
6116
5143
9365
281
9304
9969
5684
3879
681
2348
2908
6593
8839
6560
1962
606
963
6540
1725
9333
4238
2724
2591
2179
8906
5001
2678
4869
2148
15
4318
8892
3706
5331
4442
3105
4779
9927
994
9840
9480
5352
1621
7002
6570
1515
3467
4561
3854
7292
2464
1182
6064
7152
7745
6634
8322
9792
9309
6750
3232
9892
4422
9752
3770
7127
7083
5304
3978
8068
6639
6166
7779
111
13
3365
4481
6706
9941
6242
128
6735
2467
4113
9192
228
6082
886
9114
7368
674
6591
4117
5344
4396
9418
6301
2896
7109
6140
1096
8944
3198
4361
2981
5273
7575
3194
5727
510
6812
618
6984
7442
2689
187
1733
4266
4683
8490
7333
5421
1128
8941
1642
3315
3778
6317
4456
4322
1824
2798
9542
5129
2161
7746
9619
3403
5595
1141
5920
6478
1454
4927
7598
709
5724
2700
6637
1804
8009
3221
7501
9237
5266
9557
7782
6755
4027
3242
5019
2409
7560
5725
3359
5167
3995
3961
1524
8339
1386
3231
3975
3902
922
4509
4450
9190
6208
2519
4047
9551
8073
3180
434
5667
616
6090
8188
736
952
2583
8148
831
4100
1494
2586
1058
2656
6230
5541
6149
6292
3372
6273
4201
6958
9891
1806
1703
8203
3139
8190
538
7561
7997
3682
4244
1255
8408
4949
8938
8347
4628
7613
5317
6836
5799
3503
806
4813
7902
5749
3544
5288
2402
1981
8807
3888
8791
5932
2478
8189
3664
4665
7507
8151
2680
4066
1305
7088
2772
9382
7251
8659
462
4353
4195
1476
6573
4190
4039
684
5435
7690
1011
8014
9267
1513
1741
3236
849
5934
7881
6101
8527
1281
4891
6147
1951
4627
2446
9397
9301
897
5029
8809
1998
5416
4831
4861
769
2949
4932
8264
6679
9374
7
5998
9799
1427
3033
4505
8532
3680
6368
4705
1748
2932
9832
7087
5644
7543
6042
9882
8841
8215
1565
7819
5577
5941
1667
7205
3184
2491
7044
4687
7104
7031
5367
8977
231
1338
7698
6914
1433
1051
4564
7494
2396
5970
8592
6250
5645
5213
3279
7477
9968
3715
8511
7731
90
4814
1390
3929
546
9083
5468
7707
3146
311
8787
5226
9895
6161
7822
8805
9227
7379
6781
8581
5604
5912
8784
4269
2599
3358
3721
2652
9572
7376
2282
3938
6118
3816
6339
4013
4571
7889
1113
6493
6878
801
6310
7221
1658
1762
6052
9103
5128
8878
1964
3137
3144
2715
7544
3533
8431
8657
4424
7531
1491
4286
9075
1745
5183
506
4604
2581
3049
3984
4546
9849
7756
6127
2975
766
7220
7129
6567
2864
431
9925
3324
4600
8223
3286
1170
6263
1736
7431
7794
8111
7352
47
7358
9123
3992
6853
2974
6790
609
8487
2553
7289
9432
2931
2347
1706
7362
9509
6599
733
7063
4842
2488
917
1130
7721
7936
1256
6104
7321
4386
4440
7917
5539
1405
9784
5603
480
6392
4490
9360
426
4708
1848
5792
165
8794
1795
6687
8452
666
6429
2529
8055
885
9736
8103
5461
3661
1927
9761
1581
3074
3775
5502
4060
4087
671
5479
2330
9517
4752
8209
4701
2384
6047
3954
4671
1122
6656
7258
7752
9774
9825
8122
2797
3525
8498
8081
2219
7943
3641
9202
9926
6905
5897
6393
9791
3083
7062
707
8976
5983
2706
7790
5564
3360
628
6345
8412
3051
2420
5794
3439
3031
595
3930
118
7437
6017
1522
8736
4573
4783
9201
941
863
224
8117
6337
8199
6932
6062
9806
6584
974
8773
7100
2373
9032
3845
8254
3313
2632
3077
6100
8556
3904
6862
1592
2415
8495
2640
4711
7157
3470
2236
9
8973
7026
7259
2240
4902
1617
3107
7530
9661
6145
14
5818
4312
931
2880
6657
650
820
2392
2790
9760
6759
7448
9331
7162
1570
7216
9916
4597
2556
2209
9274
1273
4930
2617
7456
2297
5295
9102
2619
1636
4991
5097
421
2056
9583
8168
6260
6837
1023
3116
5086
6200
2623
8083
4918
978
2234
8200
7681
1495
6193
8830
3912
4883
9036
2806
1892
9005
8903
1362
3511
3329
3422
9045
9247
9944
1687
7572
9663
5092
1816
3730
2040
2747
4335
8171
9097
4929
3338
5656
9084
1977
2325
2286
4093
2759
6727
6952
7180
1677
8587
3004
509
1915
242
5306
2070
5681
7105
9999
3041
3494
564
2359
7327
8520
7714
8901
1988
5930
2012
695
4682
2589
3785
4463
3561
2574
3087
8505
1406
2948
7702
7480
1723
9843
8051
1075
2063
9426
7011
4924
143
7720
8847
3701
8444
9803
4822
7726
5227
9537
500
5
2670
9801
7006
370
4874
1761
6859
7835
2992
5470
7332
8443
156
2367
2873
6937
4016
4071
8279
7339
7928
1371
8712
2669
1531
7644
4344
3674
93
673
1865
6304
9268
115
2557
2458
2512
9641
525
7464
4511
1731
5176
2760
5788
807
4068
4491
5228
7427
7984
2160
5862
9729
2716
2453
7214
1487
6282
5049
473
5208
3750
5612
1625
2741
3572
5621
3621
1374
4301
8023
5531
8271
3826
1629
9395
5230
7675
2779
8160
1028
2190
1686
1705
5359
2418
6450
6908
6076
3095
3548
8136
3662
3560
2121
4276
150
625
3435
7112
5877
1232
350
5723
7419
6122
1266
1104
6761
8741
5660
1820
9443
6704
22
9635
178
8904
5700
9628
7687
286
4820
770
3056
6477
7232
7948
6736
2726
1946
499
718
6276
3578
6915
6274
2174
7277
8541
9534
2973
6764
6321
6346
7064
539
1908
7729
8367
5804
2538
2545
5159
1137
8480
1327
5974
4802
9541
1065
58
2023
3603
8816
5820
5587
2943
5182
913
493
1088
8515
2845
7316
2576
6384
3170
6942
8808
2762
3602
8469
1925
4304
3271
8272
5705
6955
1664
8221
4256
2888
6502
4124
3776
7604
6257
592
8267
7805
8627
1384
3956
229
4844
6495
938
7056
3001
73
4174
3815
5234
1860
5873
8552
5543
3102
8528
6864
7041
8181
4964
6373
631
5263
7859
285
3931
2814
8886
2661
5068
7386
1039
5534
6555
2315
9717
7213
9257
9080
3848
5785
6098
4261
6167
7046
2399
4750
395
2861
6616
6133
7605
3252
2355
6224
20
7099
821
855
6945
5721
9667
4560
9253
7429
8210
3900
4879
4791
2987
1641
3771
3869
3659
7013
3543
2543
7712
3517
4739
5059
451
4719
2913
4330
7502
3023
5795
148
4957
3631
8960
6378
4955
552
1278
5748
2868
6822
7663
5609
6866
7185
3260
5172
8374
7610
463
7524
262
2811
8492
4460
7535
2139
1504
4030
9388
2635
9419
3739
8726
193
4504
2027
4314
1422
1613
4264
4728
5135
1064
8391
9385
7730
3303
2279
3103
4383
7102
5597
429
2911
6921
9101
9987
8988
7691
6940
3936
8997
687
2102
5088
1165
7901
5924
3100
2463
7440
7608
9336
6464
461
8072
583
3029
2086
7280
338
5888
2611
9607
4402
4810
1853
6964
3055
3448
8424
6176
8778
9487
1750
4421
3683
3005
7719
1370
4008
3838
2015
1295
4067
6022
2198
4017
5389
4668
9754
585
529
3762
5004
7587
4346
2662
8882
3553
3162
6625
4274
9976
6071
2813
5821
3726
3097
5006
7353
1457
2630
2461
575
1169
5007
1774
9906
2653
7245
6545
6175
2530
4992
7909
7816
1534
5674
4769
3872
8851
1776
5480
5512
2039
4553
7697
1893
6498
670
3419
4563
5677
714
1236
5114
8120
4720
1321
6112
7633
2332
3510
2600
1560
5319
233
9789
1244
4793
7980
3513
8191
204
7281
4533
7478
3140
1550
6813
4649
8150
9560
1553
5334
7886
1292
5034
4862
5829
3008
1225
8230
8299
5971
7879
1811
2848
1937
172
5125
1648
6831
8118
7302
818
2550
4218
813
7648
6249
4342
852
7049
7079
946
4084
2683
2917
5666
5340
9640
9555
3557
7627
9664
3535
4479
2639
3292
8020
3145
361
4151
6159
1049
5904
5282
4205
8464
1894
905
5255
4639
9971
3101
5168
1566
4756
1503
1993
2267
8389
4348
7303
5379
3946
3250
7452
1842
7042
4420
9014
5294
4524
8427
1143
5453
2483
6879
3639
2298
6794
8811
6854
3169
1188
4656
9278
845
4749
1231
5572
1568
1470
8048
7800
6924
5241
2067
6198
179
7470
2107
7061
7683
1439
1395
6725
1201
5536
7956
2194
5321
3418
4197
7474
4767
9706
9623
3125
7207
8325
8402
7767
2154
6245
5339
4347
3703
669
2328
2578
3530
4081
3718
1099
6473
3441
2391
5098
5151
2213
1459
5722
30
8910
7329
8382
2822
4593
2168
4472
261
7857
7546
1917
3531
2037
3809
6395
2294
3673
323
667
9054
7711
2383
4366
7701
4163
2886
4536
6404
8453
634
4228
1158
1950
131
7288
3755
1490
8555
8010
2867
6596
5653
4134
577
2676
1953
9105
9170
8643
2185
1179
8718
2239
2572
7542
4486
6444
2819
7510
6887
4458
121
2681
3377
2353
4888
9699
7176
9756
5762
7715
9696
1817
4777
948
7740
7664
7631
7401
7582
5891
5126
4423
3090
7867
8772
4645
7504
4466
393
1597
2436
265
578
9116
5254
6873
7208
2920
3088
406
8499
4811
8550
2575
9719
5838
7888
9048
3580
6594
3506
2568
234
3514
7168
639
4272
6507
4477
216
6235
6002
754
5071
8656
4012
7624
3387
6228
2216
8636
9875
898
6500
3211
1310
1186
296
1434
1840
5753
1942
400
3415
6300
5268
4425
4457
9191
6236
5158
9124
5729
1376
9328
9807
8140
1467
359
9616
3767
8142
5889
9618
3504
5851
7579
2998
6805
2356
3997
3732
3187
4063
7293
8016
3278
8348
6832
9857
5755
2858
9909
9651
554
8918
3191
3094
4368
3020
9549
6025
3437
6456
2756
1202
7053
3346
7285
4090
314
2883
2897
8683
6509
7950
3487
8629
576
4167
2644
7653
6978
1364
2667
1323
7323
4943
2584
6023
9448
9901
5777
3420
3522
3133
9809
5249
920
7153
6726
2736
5916
3121
6830
2357
6177
5324
2503
1103
8285
7237
436
7150
5212
2113
5447
7484
4748
5005
4554
5440
5274
9239
1696
8385
3333
4199
4095
7370
5874
3863
1204
7040
6589
5961
6795
2513
2078
113
8293
5847
221
2074
4637
7248
4583
2561
6769
589
1518
7643
4983
3839
1353
305
4766
5278
6428
3177
7806
7486
953
6911
3003
9880
2506
7788
725
1496
1517
7412
7320
7552
636
7411
8155
4960
3085
2193
4562
4864
1307
4493
5091
1922
1992
8313
4686
1207
2036
3512
3259
6995
2988
614
5952
9940
5898
7383
8999
8767
7982
2013
1017
1901
5047
3081
2686
729
7298
7166
3465
6191
5066
873
6787
437
4968
2468
101
5400
7678
2104
3791
1919
4781
8848
708
6949
710
1966
6928
4367
7870
7706
2559
7154
363
3723
8755
2500
8183
2421
6417
2795
9659
3743
6670
1054
8430
4717
2651
5113
6262
8953
7416
6682
3519
775
4980
1567
5992
7985
1463
935
5046
1791
9768
2809
1583
4208
6402
3751
6882
1832
5737
5634
8091
6040
2573
171
489
5270
4001
822
756
4892
6234
273
1743
4679
4168
3351
6184
1572
8933
1345
4971
3758
8727
1166
3656
3197
5315
5914
6408
7813
7189
7831
8240
3010
7415
3456
8932
5484
8105
2764
7884
9983
1839
9554
3671
449
3247
534
8915
81
6179
2839
1043
5084
2152
7861
6448
5966
8263
8184
7284
2625
3445
5025
2542
2210
3248
964
8604
3963
407
9143
8828
1653
17
8377
1956
5410
7661
1973
1379
776
1324
8943
6416
5743
647
2449
6472
7871
621
982
700
9890
7469
7696
3432
1899
9465
4222
8814
7811
2793
4887
9692
4370
4009
981
6845
8356
3108
6474
2175
5738
505
8359
4295
6923
6499
7472
8099
7267
8357
5871
8855
186
5640
2413
1196
786
2472
5548
4972
3663
2120
2842
2221
560
830
1645
9826
8517
1891
5679
1742
520
4307
9200
1086
9018
2524
5121
2014
6307
5189
9503
5773
9206
5623
6295
7453
1009
7988
7144
2982
9753
1654
2058
4210
6068
596
566
1056
3270
4062
983
3795
6171
5945
4209
8411
6029
4139
4620
4080
331
1210
8422
5563
1856
4473
86
3388
1647
5545
5446
6705
4364
4478
1155
2841
9094
5036
1873
4805
5919
2752
5529
3160
1984
4899
5475
6957
7455
6024
9496
3082
9366
5307
8687
466
5764
6357
3644
2580
8719
2394
4962
3426
2967
1118
4226
9495
3112
4630
9254
6309
5716
6950
9372
9457
6302
516
4428
9998
408
9579
2887
6261
5464
8738
3141
3801
5016
2085
5894
7039
5683
6981
454
8513
5105
9401
4675
6990
5733
6425
2079
3368
3828
2095
2494
8613
6778
4338
705
7195
1863
4267
2857
433
8390
341
6095
4164
3765
875
2146
6565
5398
8888
3347
7124
1754
9939
7946
4713
4107
1545
8626
590
2029
1168
629
4876
3523
9858
3321
5942
2261
6380
7555
6537
5999
9461
1878
5347
9839
3442
5969
5250
9502
1258
7017
5678
5977
4110
9329
8728
9945
4653
2497
3738
4525
2089
7436
236
3463
397
2648
2109
8530
1
6707
5768
7421
874
2748
8865
8057
7989
7454
2847
4434
6690
7444
2487
9570
1890
1404
6094
9363
4941
1889
7637
4329
130
7269
7050
5859
6442
7204
9887
5747
1561
6817
7165
934
1514
3861
411
7073
5535
7466
2830
6412
1874
5570
7336
1651
6621
5979
8617
5766
2620
7832
4135
3686
1286
9631
246
2166
8092
9214
4277
3537
2480
3047
1961
4392
1669
3413
2440
8106
6994
1528
7019
1389
5964
8660
4855
6604
8056
8690
5497
6164
3823
5670
3401
3027
701
2076
2189
3805
7338
9107
2173
39
5478
1238
2743
6524
62
6485
1077
6917
4753
5602
7906
3803
4448
5283
3455
7179
7547
8334
2551
189
2777
4513
4591
8052
6256
2930
3099
3747
6779
2387
720
65
4257
6655
3852
7921
7066
1538
8945
2130
7351
2717
4522
9796
9400
2843
1898
3745
3789
4542
7853
7612
7826
690
8501
329
9864
7770
7809
2364
7309
1549
127
1303
8815
1010
226
5594
2135
3483
4942
9645
6559
3411
8620
8954
3611
2041
6719
2634
280
1443
5672
2693
5377
3574
2769
9249
5569
850
5929
248
8852
7823
1224
6053
2850
8368
633
9766
1554
1109
6840
2091
8739
7810
3607
9160
9130
8889
4488
8383
2222
4184
8476
4925
3834
136
785
9778
3540
501
5557
394
8983
904
59
8393
1217
1643
55
7311
4193
5954
7149
3034
6737
1203
1410
5048
9035
4480
9444
2376
9595
1831
4224
9467
2082
7662
3989
6143
5554
7965
2751
2203
3131
1073
9454
4823
6895
4570
8462
816
553
4251
9347
3628
1980
2301
1681
6668
2711
3063
9384
8871
8107
1542
7833
5823
9211
7130
9213
9477
6622
1161
4018
9367
3587
1176
6039
6749
9351
307
1403
3679
8969
3955
4977
1382
3361
8704
1261
4133
1230
2941
3692
8300
6271
8930
5527
4446
1569
1300
5203
8754
6844
355
7390
6717
7842
1846
2598
4890
11
6422
1178
37
339
9654
2451
1833
8881
6826
5206
1135
6576
3886
9568
1206
2774
3684
368
7276
5432
32
8779
2163
2737
4952
4510
153
7183
9553
3122
8466
6876
198
759
644
3256
6433
1483
4778
1827
1682
3794
4487
132
6222
6232
4188
9414
2258
1414
9272
624
9132
7414
6363
4181
1907
6871
5175
4774
1350
8364
2344
6048
9585
7772
4690
5946
3928
3964
8206
7911
2957
551
837
8884
4494
6106
7014
9290
3307
617
5696
2856
2541
7849
197
2159
1788
3050
3832
954
7423
1738
7294
6010
8694
82
7306
6857
8664
5702
4455
9469
4534
9930
8156
7021
2780
7908
3556
9850
4734
7918
7959
6174
1314
1146
3613
3014
7841
4471
7410
7761
8133
7526
3566
6801
8497
4663
4327
6437
660
3468
6673
3167
9951
1507
3168
8164
4706
1970
5050
7037
3774
5031
4250
4697
8561
6715
2596
9590
4178
4611
2016
354
8224
8078
5761
6264
5476
1417
2136
8037
6488
1412
7344
7944
4230
5988
4827
194
4083
2531
3508
3687
4254
2810
8236
9587
8222
5406
4172
2316
9127
7764
6752
5169
8182
3192
3093
8399
7878
5592
269
1090
5312
9581
8315
3874
8895
6898
7558
5253
7595
9625
7876
5692
9146
9286
1911
1541
1366
5629
415
7252
7869
6514
2952
8786
1093
7249
1342
6001
9224
7262
6204
7940
8050
4305
5770
3459
1340
3350
5975
2470
2571
1969
1606
3793
6085
7409
993
160
1038
8618
379
9606
8311
9771
185
8349
9393
815
4732
9993
7022
3696
2388
7076
8939
7679
4236
3846
6513
1704
9992
4816
5843
7177
96
1411
8993
5483
4878
2422
387
7071
8242
748
3281
9633
2929
2919
9000
3385
6058
3913
3013
9007
5517
7801
4162
3685
7123
5311
4738
9447
9292
430
457
3045
4115
3942
2951
9680
9171
4204
7196
6401
4559
1638
4214
4406
8098
8686
7529
3502
8125
2679
3404
8244
6947
4360
129
3999
8751
5394
9546
1837
9995
7340
2665
1724
1746
1357
3882
1076
1440
5218
496
619
5060
9518
9087
3885
5849
9908
4145
4919
2372
9905
2310
475
5819
2595
2501
8572
7532
267
251
2902
2852
9834
9962
3309
7817
8630
21
8563
8966
479
3867
4142
318
6183
8795
9642
4579
1505
8407
4666
734
7509
7983
3207
9718
5903
5024
173
9430
7737
5385
5077
3724
3916
1136
7271
5245
517
3570
6424
9325
3092
1408
8298
7821
271
4397
4161
2782
990
6884
7949
955
3035
5349
7186
8566
7534
5493
5011
4489
6354
9314
6028
9258
6483
3634
8861
7967
7932
4989
1868
6909
2510
4319
8742
9026
3214
7568
1094
6021
1777
5501
3910
4539
245
2201
9928
976
1263
8762
1372
8011
7048
432
4709
2245
6403
8806
7159
573
3971
6716
1451
1441
6694
9023
877
1045
5157
7596
2544
6340
9911
9415
8159
1557
2954
1516
5140
2564
746
612
3914
989
675
3802
2755
69
7781
1757
9058
3220
2664
7389
5008
5726
1312
2879
1578
6643
6129
6334
312
5662
9810
7184
7981
2688
6366
755
8859
5607
6680
5256
9251
2624
4915
5374
4284
9709
6961
8169
2944
4636
7051
6350
2507
9100
543
6899
3777
5976
4436
861
8596
9845
9866
641
6136
1334
2410
1269
9919
4365
610
5325
8957
1579
5905
6870
5320
6912
5051
5225
4101
2227
4849
105
5524
4453
5985
859
4934
9957
1867
6983
2838
7703
668
2264
7058
3065
8598
4375
5262
9954
6037
1849
1257
369
8898
8644
8413
2775
8260
4179
5085
4339
7397
5482
1639
87
4235
6311
6974
2406
7094
9822
968
4727
5718
9483
7676
4004
5372
8721
3143
4747
8968
5619
1841
4137
1477
9149
7654
8623
1749
5124
2837
1523
488
5996
6341
9634
7705
367
6926
3988
5337
5072
8526
8710
7945
8924
6487
6479
5948
364
8397
9515
8766
3341
2172
3924
8537
1124
1365
99
8176
3337
469
4430
1714
6653
1359
6931
9157
1450
9902
8187
6046
8524
3156
9749
9965
8640
2933
5369
5298
140
7250
5290
3293
5511
699
697
6117
1024
2292
252
3161
950
9279
4765
