0
511
438
701
1188
893
577
1129
220
1602
1423
512
1450
905
1911
115
67
946
785
354
789
1402
1966
1318
1238
535
1591
1350
1107
542
1481
1022
565
1383
933
1140
1011
661
559
587
1856
1792
1985
544
294
1169
1291
1727
859
415
345
453
1526
266
1808
1299
1720
898
292
283
1469
481
568
1705
6
1703
1789
753
161
51
1756
1239
1376
107
1577
296
1399
1090
990
1263
1018
365
1294
1521
452
520
1644
286
1840
1918
1898
733
88
1876
598
1248
965
1021
1621
831
1406
216
1961
1275
1645
1286
649
1610
310
268
191
1706
141
901
1435
1614
1041
140
601
1759
257
531
1296
350
1369
480
507
566
1924
319
1777
1823
918
457
180
913
1519
894
1863
1951
1494
1445
449
156
1324
1561
1478
1787
322
252
122
28
937
1908
1780
860
1885
1538
730
1438
1804
1592
1234
1887
400
1476
64
238
1207
309
1611
740
944
1059
1862
336
1474
1714
1504
30
1593
1251
1801
1659
385
1190
1529
1587
1732
1123
1699
554
1758
1404
1520
628
1505
40
1512
885
1594
1950
57
1183
715
162
1886
900
210
775
1902
945
1256
1389
1162
678
1604
1165
49
914
1258
1722
1788
398
599
1220
8
1975
600
1218
1858
1679
215
1606
329
1683
341
1144
1552
1253
348
626
1473
225
1217
1836
89
553
936
1426
1284
413
683
178
1734
1334
836
1935
101
392
1962
41
560
110
1741
1743
1203
70
1317
1082
1585
1746
486
270
1036
469
1914
1485
1668
454
1567
862
293
856
779
1121
94
1696
1623
909
780
58
814
1580
651
1964
1106
1700
1216
1974
1811
1332
467
1490
1910
743
1105
18
1225
1554
1576
26
908
111
1828
1066
1019
1267
1945
717
729
1564
1889
1195
311
130
612
1227
1261
96
1800
1717
79
158
1049
1747
638
1375
1098
1096
611
1137
1454
979
1003
1691
429
1768
1517
1979
1005
1996
1813
797
60
330
1384
1751
634
1260
306
1680
24
62
1981
697
744
1044
1616
1290
591
734
506
1015
502
1170
762
394
1359
870
595
84
1152
53
1009
516
465
525
1690
977
939
484
1912
1940
290
623
425
1186
1173
377
1237
417
1764
1132
1118
318
277
1348
835
317
1927
537
163
1026
801
1600
35
1733
723
1955
73
1368
1142
194
371
1371
1607
1295
1685
1214
1302
941
581
1555
76
1634
1484
302
1558
1880
830
1873
1372
1197
1544
223
964
328
1076
1812
494
405
466
824
1023
1175
858
727
656
1744
380
986
1185
1619
488
1092
725
1424
142
1695
175
1145
1721
631
1250
1530
501
1487
1689
948
1089
167
1452
1598
1583
1418
414
613
940
1213
224
1382
1949
1063
784
1397
992
639
1686
99
239
552
1820
440
1785
1419
1062
988
1770
897
818
1740
487
1315
1226
757
1900
561
217
1799
1
1440
1802
1991
219
1838
497
518
1681
843
1843
1293
155
1134
839
1852
1894
1221
642
1480
1716
390
609
123
1446
597
1845
196
14
407
402
904
998
1468
776
962
1102
669
686
803
288
1048
1187
1936
1795
1455
1888
957
633
321
1588
1509
489
985
1012
1321
39
1630
450
48
1414
604
1928
509
1514
212
1127
1814
1665
1748
961
1652
573
1442
1639
1980
1325
455
1671
1412
5
1803
1395
738
1482
355
838
1000
745
299
86
1311
1782
1285
1796
1839
574
1458
168
1231
1436
1731
1241
1039
475
1146
1101
446
335
184
841
1897
56
1362
658
304
551
505
1984
3
1099
1377
1522
718
1959
759
372
706
1586
1156
590
1651
508
287
741
959
915
169
994
43
27
667
170
973
524
1401
9
1151
369
1456
1341
249
1891
1929
232
1738
368
798
409
1896
732
1191
1114
1416
758
403
1179
395
1365
1931
1212
42
1410
1878
422
209
1407
1181
1822
696
138
1493
181
1056
1627
12
1867
636
983
1116
1249
1546
187
47
1938
105
1579
1054
1067
433
1002
1825
1233
1786
1367
340
622
351
1833
1952
1088
624
1967
1739
1309
1408
621
1240
1528
260
1086
91
1939
866
118
151
116
960
1228
694
647
323
1420
29
1767
1244
247
1307
1466
526
1711
337
1870
1259
536
1835
352
907
366
108
25
298
176
1832
412
1676
1219
1631
431
496
523
491
157
1457
376
840
1597
1506
1510
705
262
1702
1507
954
1006
702
233
1542
113
781
896
230
1527
1085
1971
1648
240
131
1944
1001
1053
356
874
426
97
644
1640
880
585
947
663
69
165
144
1688
1171
1826
811
834
716
1841
1675
1014
1622
1682
735
1670
1177
1710
1903
1641
1745
872
1417
1919
1749
1968
1312
201
1347
1057
752
1178
127
391
419
1078
421
1095
629
1176
482
919
242
285
799
645
1701
1320
1723
1163
190
1475
589
1208
276
59
812
1589
731
653
1209
615
313
1388
546
1245
416
344
670
1954
33
1687
308
847
1174
1319
1357
1313
1444
274
384
966
172
1370
1396
1763
1677
703
886
1390
533
1661
817
278
925
362
692
1508
153
1842
500
1277
1663
1255
1636
1074
796
751
1119
1642
810
995
272
75
1605
1070
541
564
1601
1657
1830
1323
826
314
620
1268
846
1358
1647
1439
1923
1034
1329
1236
1548
1031
1421
1557
1443
1130
816
708
1141
472
1150
173
1582
676
712
1821
182
556
432
1204
1008
1987
1694
821
360
1550
1495
1471
1430
1108
1020
1761
808
463
783
1282
331
441
1467
1232
134
460
1655
31
958
198
295
1037
1199
139
289
387
1229
1392
646
1352
627
1153
1340
666
1562
1206
755
1963
334
1110
888
280
1612
22
428
766
1930
578
938
1650
890
408
320
1065
1441
401
82
1073
603
583
1960
1633
739
1052
143
1798
912
978
617
1978
1427
1033
483
80
935
397
922
1849
1774
1223
1448
575
1051
1643
1807
291
1189
1459
1819
720
1559
503
1491
1857
1791
197
1626
895
1161
1957
312
662
442
458
1308
1725
527
1451
145
848
389
971
1549
548
462
800
1087
1429
1479
853
1042
931
222
1783
297
445
423
1274
128
468
1247
883
787
1483
1344
1726
1532
1280
1305
809
737
192
38
1766
863
396
1279
1851
1646
1164
1977
1047
361
150
375
208
972
1046
1283
152
923
1566
592
1331
648
764
1013
828
1632
882
974
1124
430
1461
618
1111
349
1890
1946
504
861
1496
1922
1058
68
357
1571
1584
271
1973
892
654
1994
1336
226
1736
1765
1486
1262
650
699
1672
1160
1575
1064
77
1310
1192
1097
750
2
543
1068
1391
1613
1735
1425
710
1805
443
845
1016
837
1654
820
470
1139
1872
1125
1437
952
1300
479
255
135
1431
675
1069
1222
1556
1965
942
606
179
790
300
1692
171
1572
680
795
231
213
991
195
693
21
2000
920
234
791
132
1328
510
1379
987
1742
924
569
742
652
183
1713
1540
782
1272
1629
471
529
1790
13
1635
788
1724
1618
1278
695
1834
967
1948
1543
63
1158
95
245
1172
827
625
399
1818
1907
1337
1658
448
876
570
1094
1730
1100
1523
203
1956
373
534
1752
1200
1779
1596
1892
381
1045
822
1043
374
146
1762
410
690
1306
607
1050
1264
1754
903
1999
657
154
1707
326
124
358
44
1698
444
1109
769
1988
1757
1560
359
1854
364
411
1895
687
1254
193
1184
1360
1351
1346
325
950
1298
1969
1112
1715
1154
614
714
689
221
1193
237
1844
1079
174
1518
71
1314
379
815
279
50
1860
1937
677
1243
934
664
596
1166
1411
761
464
665
593
635
1753
251
1271
1502
579
1933
1460
1909
229
214
117
1136
420
246
1103
1322
476
1276
228
659
338
538
72
1374
1662
1537
1503
576
1330
1926
1511
1536
1972
1581
1488
989
1422
1989
673
1637
671
1868
1669
1149
829
1570
1563
1958
1194
1693
1608
679
1270
562
804
1273
632
1824
1797
1869
1882
1242
1366
434
1712
1385
269
1986
1433
1624
263
218
1028
36
211
1211
1327
129
1342
963
1432
1143
754
1539
802
346
1304
1010
498
256
1394
1215
522
1378
515
1569
343
1182
1941
1778
282
1072
1760
253
1104
906
1235
1386
641
772
1853
956
1115
1281
1993
917
869
1224
1992
549
685
602
265
930
1027
78
1269
1415
1995
736
275
682
749
943
619
655
459
1205
1297
1081
746
1809
4
87
1728
273
1638
899
137
1656
1649
37
1620
514
1794
1884
926
1017
1113
1899
1004
1953
674
235
188
378
1750
404
854
1498
1470
849
1381
1547
1465
1881
1157
807
1024
1771
353
1934
588
1353
248
1413
1326
66
236
1287
825
711
1343
1355
728
1865
637
605
186
539
1660
386
1913
114
493
1093
1916
1574
981
1893
7
993
1859
1709
1704
1847
748
1122
1755
976
333
339
281
1303
929
305
1664
1666
147
166
530
1905
864
125
109
1667
104
550
435
45
927
555
1590
540
608
126
1403
572
93
726
478
1333
1453
1447
382
17
1463
517
160
698
74
100
284
1356
857
1524
1289
301
1816
102
1850
1877
643
793
1545
805
832
1925
865
370
267
984
424
1252
136
1138
1060
1535
1380
55
32
1030
911
1673
1128
1373
1534
594
1077
461
719
928
474
1815
1292
1921
1983
616
1615
1405
767
1776
61
806
159
1168
499
970
1497
1464
532
477
1489
1196
684
1599
1007
1462
844
771
1434
1075
1133
1055
580
315
1541
120
1131
1617
1871
887
1257
1943
418
999
722
563
833
1578
519
747
1855
786
1827
681
1848
1428
1533
1573
951
65
1080
383
1904
495
1678
1553
1531
205
968
227
1409
1516
133
90
1198
1364
794
393
1781
473
1040
1829
106
996
164
199
347
1126
485
1400
528
852
1947
427
1155
700
19
16
367
1025
1120
1568
545
1500
1846
557
148
672
1625
1472
819
149
668
1775
765
1339
15
1071
1772
1976
259
756
1035
1793
112
1135
1806
307
875
871
1159
760
1932
204
949
691
1361
1354
258
1883
1915
640
492
1265
81
1565
855
85
1817
332
768
34
850
406
1363
439
202
582
902
1084
879
1628
185
842
1393
264
11
447
388
1697
891
792
813
770
932
451
1773
774
1147
704
867
98
189
1032
1998
1029
436
52
1061
721
1335
910
1266
1982
1729
969
1906
206
823
975
1551
244
1866
1970
547
877
1879
1515
688
23
707
1338
254
1653
243
342
1875
1288
1901
851
884
437
103
873
1148
1499
1609
121
46
1210
1861
1230
1810
1718
953
1769
921
327
1083
1316
1449
316
586
363
83
1737
1990
1525
1091
982
584
456
54
1349
1942
92
713
1180
1201
1837
1595
521
997
1997
1719
1784
1345
889
1864
20
1202
1603
1477
724
1831
119
1708
1684
660
558
878
1117
778
980
1674
1513
1874
1167
177
241
881
567
916
1387
1246
571
955
261
709
303
1038
763
490
200
10
777
1501
1920
610
773
1301
1398
207
513
324
250
868
630
1917
1492
