0
2582
438
2846
1188
893
577
1129
220
1602
1423
2375
1450
2240
1911
2501
67
946
2046
354
789
1402
2777
1318
1238
2527
1591
1350
1107
542
1481
1022
2101
2007
933
1140
2272
2128
559
587
1856
1792
2223
544
2607
1169
1291
1727
859
415
345
2305
1526
2344
1808
1299
1720
2194
292
283
1469
481
568
1705
6
2748
2398
753
161
2267
1756
1239
2173
2396
1577
296
2894
2399
2504
1263
1018
2948
2064
1521
452
520
1644
286
1840
1918
2154
733
2592
1876
2696
1248
2968
1021
1621
831
1406
216
2558
1275
2289
1286
2271
1610
310
268
191
1706
141
901
1435
1614
1041
2901
2296
1759
2950
2202
1296
350
1369
2242
507
566
1924
319
2885
1823
918
2484
180
913
2724
894
1863
1951
1494
1445
449
156
1324
2461
2804
2934
2074
252
122
28
937
1908
1780
860
1885
2761
730
2237
2720
1592
1234
1887
400
1476
64
238
1207
309
1611
2051
944
1059
1862
336
1474
1714
1504
2225
1593
2497
1801
2490
2683
1190
1529
2798
1732
1123
1699
554
1758
1404
2324
628
2920
40
2323
885
2075
1950
57
2330
715
162
1886
2958
2815
2374
1902
945
1256
1389
1162
678
2206
1165
49
914
2113
1722
1788
398
2177
1220
8
2136
2946
2352
2651
1679
215
1606
3000
1683
341
1144
1552
2751
2622
626
1473
225
1217
1836
2390
553
936
2763
1284
2308
683
2418
1734
2620
836
1935
2837
392
1962
41
560
110
1741
2914
1203
70
1317
1082
1585
2606
486
270
2297
2118
2098
1485
1668
454
2336
862
2502
856
2738
1121
94
1696
1623
909
2584
58
814
1580
651
2515
1106
1700
1216
1974
1811
1332
467
1490
1910
743
2478
18
1225
2149
1576
2207
908
2781
1828
1066
2641
1267
2725
717
729
2489
1889
1195
2661
2032
612
1227
2825
2733
2631
1717
2694
2255
1049
2566
638
1375
2874
2367
611
2048
1454
979
1003
2907
2263
1768
2924
1979
1005
1996
2097
2785
2278
330
1384
1751
634
1260
306
1680
24
62
1981
697
744
1044
1616
1290
591
734
506
2112
502
1170
762
2842
2667
870
2642
84
1152
53
1009
516
2320
525
1690
977
939
2729
1912
1940
290
623
425
1186
1173
377
1237
417
1764
1132
1118
318
2085
1348
2317
317
1927
537
2684
1026
801
1600
2010
1733
2782
2485
73
1368
1142
194
2321
1371
1607
1295
1685
2121
2962
941
2735
1555
76
1634
1484
302
2857
1880
830
2629
2814
1197
1544
223
964
328
2778
1812
2331
405
2969
824
1023
2214
2188
2549
656
1744
2193
986
1185
1619
488
1092
725
1424
142
2310
175
2605
1721
2435
1250
1530
501
1487
1689
948
1089
167
1452
1598
1583
1418
414
613
940
2997
2292
2862
2879
1063
2883
1397
2816
2159
2518
99
2166
2570
1820
2498
1785
1419
1062
988
2630
897
818
1740
2260
1315
1226
2127
1900
561
217
1799
1
2279
1802
1991
219
1838
2625
518
1681
843
1843
1293
155
1134
2259
2888
1894
1221
642
2001
1716
390
2671
123
1446
597
1845
196
14
2780
402
904
998
1468
2339
2535
2985
669
686
803
2403
1048
2440
2665
1795
1455
1888
957
2005
321
2470
1509
489
2645
1012
1321
39
1630
450
48
1414
2508
2044
509
1514
212
1127
1814
2870
1748
2198
1652
2722
1442
2770
1980
1325
455
1671
2475
5
1803
2523
2787
2510
2957
2966
2084
745
2775
2986
1311
2666
1285
1796
1839
574
1458
168
1231
1436
2441
2577
1039
475
1146
1101
446
335
2358
841
1897
56
2932
658
304
2636
2524
2843
3
1099
1377
2210
718
1959
759
372
706
2613
1156
590
2731
508
287
2254
2855
915
169
2458
43
2776
667
170
973
2712
1401
2624
2031
369
1456
1341
249
2939
1929
232
2540
368
798
409
1896
2106
2691
1114
2446
2417
403
1179
2520
2219
1931
1212
42
2243
2915
2180
209
1407
1181
1822
2011
2851
1493
181
1056
1627
12
1867
2678
983
2848
1249
2681
2569
47
1938
2902
1579
2295
2053
2378
1002
1825
1233
1786
1367
340
2083
351
2544
2609
1088
2039
1967
2575
1309
2768
621
1240
2538
260
1086
91
1939
2090
2573
151
2926
960
2326
694
647
2730
1420
29
1767
1244
2144
1307
1466
526
1711
337
2104
2147
536
1835
2944
2766
366
2513
2408
298
2688
1832
412
1676
1219
1631
431
496
523
491
157
1457
376
2312
2401
1506
1510
705
2576
1702
1507
954
1006
2989
2897
1542
2371
2543
896
230
1527
2912
1971
1648
2377
131
1944
1001
2556
2760
874
2975
2110
2018
1640
880
585
2565
663
69
2790
144
1688
1171
1826
811
834
716
1841
1675
2204
1622
1682
2568
2060
2153
1710
2530
1641
1745
872
1417
1919
2179
1968
2189
2657
1347
1057
752
2249
127
391
419
1078
421
1095
2142
1176
482
919
2088
2095
2423
645
2045
1320
1723
2786
190
1475
2947
1208
276
59
812
1589
2839
2372
2824
2370
2451
1388
2004
2716
416
2362
670
1954
2996
2388
2841
2145
1174
2215
2138
1313
1444
2366
384
966
172
2082
1396
2201
1677
2899
2393
2995
2037
1661
817
278
2133
362
2067
2216
153
1842
2925
1277
1663
1255
2690
1074
2797
2849
2397
1642
810
995
2420
75
2120
2516
541
564
1601
1657
1830
1323
2169
314
620
2978
2415
2869
2068
1439
2900
2250
2205
2829
1548
1031
1421
2264
1443
1130
2192
2744
2758
472
2430
173
1582
676
2436
1821
182
2160
2488
2942
1008
2992
2654
821
360
1550
1495
1471
2483
2208
1020
2419
808
463
783
1282
331
441
1467
2999
134
460
1655
2132
958
198
295
1037
1199
2003
289
387
1229
1392
646
1352
2325
2373
1340
666
1562
1206
755
1963
334
1110
888
280
1612
22
428
766
2987
2858
2754
1650
2471
2453
320
1065
1441
2890
2719
2680
603
583
1960
1633
2247
1052
143
1798
912
978
617
1978
1427
1033
483
2268
935
397
922
1849
1774
2338
1448
575
1051
1643
1807
291
1189
2261
2551
720
2328
503
1491
1857
1791
197
2638
2936
1161
1957
2562
2354
442
458
2788
1725
527
1451
145
848
2327
971
1549
548
2246
800
1087
2662
2034
853
1042
2650
2140
1783
297
445
2284
2732
128
468
1247
883
787
1483
2557
1726
2395
1280
1305
2349
2823
192
2783
1766
2314
2653
1279
1851
1646
2554
1977
2708
2115
150
375
208
972
2487
1283
152
2852
1566
592
1331
2131
764
1013
2224
1632
882
974
1124
430
2886
618
1111
2532
2265
1946
504
861
1496
1922
1058
68
2432
1571
1584
271
2392
892
2022
2854
1336
2407
2632
2245
1486
1262
650
2881
1672
1160
2817
1064
77
1310
2938
2863
750
2
543
2437
2319
2984
1735
1425
2784
2898
2117
845
1016
837
1654
820
470
1139
2187
1125
1437
952
2647
2291
2747
2800
1431
675
1069
1222
1556
2382
942
606
2445
790
300
1692
171
1572
680
795
231
2027
991
195
2069
21
2012
920
234
2505
132
2861
510
1379
987
2306
2967
569
742
652
2759
2158
1540
782
1272
2257
2895
529
2875
13
1635
788
1724
1618
1278
695
1834
967
1948
1543
63
1158
95
245
1172
2148
2916
399
1818
2591
1337
2143
2340
876
570
1094
1730
2954
1523
2526
1956
2723
2675
1752
1200
1779
1596
1892
381
2256
822
1043
374
146
1762
410
690
1306
2983
1050
2119
1754
2594
1999
2596
154
2231
326
124
358
44
1698
444
1109
2391
2658
1757
2355
2444
1854
364
411
2495
2834
2699
2860
2236
2168
2818
1346
325
950
2792
1969
2884
1715
2015
614
714
689
221
2835
237
1844
1079
174
1518
71
2990
379
815
279
50
2221
1937
677
1243
2275
2252
596
1166
1411
2832
464
665
593
635
2218
2845
1271
1502
579
2512
1460
2801
229
214
117
2156
420
2627
1103
2906
476
2757
228
2952
338
538
72
1374
1662
1537
1503
576
2910
2491
1511
2017
2960
2079
1488
2796
2889
1989
673
1637
671
1868
1669
2610
829
2479
1563
1958
1194
1693
1608
2013
1270
2073
804
1273
2293
1824
1797
1869
1882
1242
1366
434
2427
1385
269
1986
1433
2811
2643
218
1028
2056
211
1211
1327
2537
1342
963
1432
1143
754
2266
802
346
1304
1010
2333
256
2383
1215
2701
1378
515
1569
2525
2866
1941
1778
282
1072
1760
2635
1104
906
2457
1386
2959
772
2769
956
1115
2462
1993
917
869
1224
1992
549
685
602
265
930
2741
78
2286
2965
2233
736
275
682
749
2685
619
2455
2052
1205
1297
1081
746
1809
4
87
1728
273
1638
899
2105
2876
1649
2574
2979
514
2648
1884
926
1017
1113
1899
1004
1953
2563
235
188
378
2151
404
854
2773
1470
849
1381
2810
1465
1881
1157
807
1024
1771
2673
1934
588
1353
248
1413
2928
66
236
2590
825
711
2163
2617
2016
2050
2633
2789
2767
539
2693
2904
2014
2057
493
1093
2020
2998
2930
2139
7
993
1859
1709
1704
2157
748
1122
2443
2102
2911
339
281
1303
929
305
2183
1666
147
2410
530
1905
2307
125
2663
2431
104
550
435
2506
927
555
1590
540
2303
126
1403
572
93
726
2171
1333
1453
2977
382
17
2933
517
2477
2116
74
2827
284
1356
857
1524
1289
2503
1816
102
1850
1877
2602
793
2578
805
2877
1925
865
370
267
2369
2873
1252
136
2588
1060
1535
1380
55
32
2668
2649
1673
1128
1373
1534
594
1077
2002
719
928
2234
2586
1292
1921
1983
2363
1615
1405
767
2807
2698
806
159
2416
2772
2412
1497
2197
532
477
1489
1196
2806
1599
1007
1462
2165
771
2109
1075
1133
2561
580
2819
2141
120
1131
1617
2727
2715
1257
1943
418
2070
722
2467
833
1578
519
747
1855
786
1827
681
2309
2679
1533
2646
951
65
1080
2244
1904
495
1678
2093
2836
2200
968
227
2717
1516
2072
2686
2623
2301
2601
393
1781
473
1040
1829
106
996
2041
199
2669
1126
2639
2500
2509
852
2599
427
1155
2531
19
16
367
1025
2400
1568
545
1500
2581
2434
2805
672
1625
1472
2903
149
668
2746
765
1339
15
1071
2567
2603
259
2963
1035
2270
2828
2793
1806
307
875
2406
2692
760
2736
2329
949
2937
2146
1354
2294
2126
1915
640
492
2100
81
1565
855
85
1817
332
2529
34
850
406
1363
439
202
582
902
2559
2634
2548
185
842
2386
264
11
447
388
2656
891
2086
813
770
932
451
2677
774
1147
704
867
98
189
1032
2765
2799
436
52
2043
721
2311
910
2913
2442
1729
969
1906
2405
823
2150
1551
244
2365
2394
2703
2009
1879
1515
688
2103
707
1338
2927
1653
243
2771
1875
1288
1901
2211
2019
437
103
873
2347
2872
2167
2833
46
2542
1861
2360
1810
1718
2545
1769
2302
2891
1083
2840
1449
2774
2687
2129
2025
1737
2387
1525
2438
982
584
456
2341
2092
1942
2186
713
2078
2616
2755
1595
521
997
2161
1719
1784
1345
2918
1864
20
1202
1603
2745
2682
1831
2994
1708
1684
2882
558
878
2929
778
980
2742
2334
1874
2413
2276
241
881
567
916
1387
1246
571
2511
2598
709
303
1038
2452
2949
200
2850
777
1501
1920
2368
773
2618
1398
2038
513
2062
2066
868
630
1917
2281
2764
461
139
546
633
2689
2517
1138
877
35
696
2335
679
1913
1154
728
1536
644
884
1916
2756
654
423
889
83
204
213
137
664
2178
2655
2466
1223
1479
363
1112
2269
207
624
2402
2277
511
2380
2922
1701
2585
547
1137
1819
1865
2536
2896
1067
2421
2706
36
114
784
1665
1670
1360
2472
342
1294
257
250
692
2469
2262
999
27
133
562
2468
2640
440
1274
1180
1581
2222
1694
1370
2448
2519
277
792
1394
242
871
866
2433
1349
1553
1383
285
1545
2447
1914
2713
1265
2298
976
23
1870
2028
732
2626
246
1434
2474
2831
2972
1258
2033
361
698
443
2226
1264
1605
1214
1019
1301
2935
1447
2357
757
661
2035
479
648
31
925
1645
1997
1975
2459
2055
2589
2282
2710
629
2956
247
847
1361
2964
827
2288
975
1750
655
1177
1898
1660
1136
2572
1713
2040
556
2135
2228
1343
1738
844
239
1609
2061
826
1047
478
1742
2822
1647
838
1636
599
2940
1749
2700
740
2384
1664
2981
1480
92
1872
858
1312
2739
1108
816
2521
898
1973
1253
1464
961
2124
2230
1763
531
1907
1014
1329
1604
26
2191
2361
1522
851
105
10
1175
2652
2674
166
1753
2481
86
1860
691
1985
828
30
469
1054
1376
1961
2752
1707
54
2853
474
887
2274
2450
2376
1532
905
293
2941
1410
383
1765
462
739
80
1178
2728
2350
2029
429
2493
158
1045
1629
2718
839
487
1459
693
2253
1557
1890
1539
51
2248
533
1793
649
1011
413
1184
934
177
164
60
1440
1029
1492
2583
2465
2023
1322
1269
2614
1554
2134
90
2130
224
632
258
2227
601
1036
565
2971
2709
1364
921
608
938
453
2172
2705
2273
1848
2137
1335
840
2553
863
2348
581
2721
1761
1391
465
2385
2893
1512
1520
627
1228
389
1559
2026
1183
494
1594
498
1513
2000
1567
796
2114
776
2422
2232
148
962
266
2726
2976
1148
255
809
636
1574
2621
1987
662
1560
2087
1883
184
1117
1230
699
344
2283
1800
1866
274
2847
2454
984
615
113
653
2619
775
512
1287
240
433
768
1061
1743
1965
2356
737
371
1393
1990
1687
835
89
769
2195
886
1970
2429
107
1119
1789
1090
1120
1597
639
2923
947
206
2795
226
25
2036
2905
763
970
1167
1624
846
1168
758
178
2880
272
994
448
799
1232
981
2241
1712
1541
2239
2547
1667
2743
262
557
631
712
1068
1091
895
1187
1731
1982
1755
359
179
2111
1813
622
797
1438
313
2411
2951
610
2313
422
1235
2054
1695
2982
1561
1281
2539
2426
616
2887
2988
2522
2174
1588
890
324
2021
97
1412
1947
160
1105
1570
2122
1365
2802
1430
2973
1955
222
1046
432
2608
1659
1926
1395
741
1878
2345
1658
1251
2076
1891
1400
115
2464
301
2190
2579
45
1988
604
528
1482
955
1933
108
2203
1964
1070
2094
1686
1000
395
380
322
2541
505
343
203
535
1357
2702
1903
700
349
2644
1498
2343
2181
2704
1528
2480
2164
2809
1210
781
1833
953
1853
1150
2844
727
2006
2564
118
2152
1164
1620
1053
2697
2229
1084
193
2707
312
674
2049
2404
2580
2676
735
187
552
2868
1847
2552
37
1739
2091
1241
2096
791
1747
1846
2042
2486
2921
2587
1815
2865
2008
1893
2238
2514
88
485
903
1030
657
1461
261
2476
1314
794
643
1976
1575
1145
1746
294
1564
1952
2107
761
931
2346
365
2351
1201
1355
2123
1153
1334
1218
348
1198
9
497
1149
2108
2381
1873
1770
2364
1736
637
879
253
2660
965
1626
2593
2332
2463
595
2672
2251
985
1573
1300
1794
911
2612
1858
1319
2961
2081
1151
2970
201
2507
1359
551
311
1429
2714
1932
1936
1782
2659
2595
2991
111
2199
263
353
1508
534
1772
1773
2460
2322
1073
1546
724
385
2945
943
2290
586
176
1477
2176
1191
1159
2155
2808
2980
598
2753
61
1254
2456
522
2379
2047
2871
864
2528
2099
2734
2089
2428
1316
524
2821
109
2235
1245
1409
1697
82
1804
2389
573
373
1519
2909
1895
1871
1034
484
2794
1651
2077
96
2170
2820
2664
101
779
990
1547
1027
1674
357
708
2550
1775
2315
1703
1505
1463
2196
205
1344
2304
1837
756
1276
1141
183
2953
2803
2496
1426
2185
1998
907
186
1408
2546
1639
2063
499
2534
316
299
2071
2878
1076
121
407
2670
723
38
710
2449
1163
738
1308
605
165
1531
1298
1135
323
2300
989
2337
1587
2280
135
1909
2024
1538
1478
2342
684
1776
79
2492
2740
2414
2571
1428
1372
210
992
2604
1351
315
2316
1055
2867
2182
1209
1261
2859
100
112
1236
2943
1416
2611
2955
687
1193
2791
2737
2030
2830
2711
308
394
1984
1628
2826
2856
1096
1116
751
2931
138
923
1995
1994
959
2908
1558
578
251
2560
1328
1382
1097
1777
785
1182
2162
130
1358
2059
129
1499
424
1098
1790
1656
832
1966
1949
2318
2209
660
2058
2409
2864
2597
2812
1852
1422
401
327
352
2813
1399
2919
459
233
1805
703
1923
140
2212
819
386
2217
2285
1691
701
1945
1330
333
1085
1266
2628
2494
625
1930
2482
471
2749
780
1928
2993
1517
500
2184
254
1326
2359
2425
2213
1362
2750
1787
609
2439
2695
1192
2499
2637
480
1204
731
2974
163
600
589
2287
490
2065
408
659
356
1100
2779
2762
355
900
641
1972
396
1302
2473
1259
1415
2175
924
2838
466
2258
2424
1015
457
2892
426
1586
2125
1268
2555
2080
116
2533
607
1613
1102
2220
2917
563
702
2600
347
2353
288
119
1390
33
1213
2615
2299
329
