0
2582
4973
2846
4010
893
577
4809
220
1602
1423
2375
1450
2240
1911
3511
67
946
2046
354
789
3777
2777
1318
3112
2527
3964
3833
1107
542
1481
4683
3830
3703
4513
3849
4557
2128
3365
4764
3642
1792
2223
3726
2607
1169
1291
3996
3794
415
3395
3563
4638
2344
4017
1299
1720
4256
292
4512
3466
481
568
3118
3560
2748
2398
4496
161
2267
4708
4968
4175
2396
4566
3402
2894
4504
2504
1263
1018
2948
4276
3381
452
3529
1644
286
1840
3280
4616
733
2592
1876
4966
1248
2968
4395
1621
831
3354
4871
4572
3852
3166
4125
2271
1610
310
268
4774
1706
141
901
4421
4183
3420
2901
2296
1759
4942
2202
1296
350
1369
2242
4842
566
1924
319
4768
1823
918
2484
180
913
3548
894
4717
1951
4493
3383
449
156
4314
2461
3164
2934
3214
252
122
28
4498
4260
3146
4022
1885
2761
730
2237
2720
4368
4632
1887
400
3531
3351
238
1207
4280
1611
2051
944
1059
3052
336
1474
1714
1504
2225
4707
4300
1801
4762
2683
1190
1529
3592
3974
1123
3535
3929
1758
1404
2324
3910
2920
40
3981
885
2075
1950
3312
2330
715
4492
1886
2958
2815
4697
4528
945
3876
1389
1162
3680
3433
1165
3538
4742
3021
1722
4949
398
2177
1220
3686
2136
2946
2352
2651
3948
4976
1606
4302
1683
3283
1144
1552
2751
3628
626
1473
4362
4471
1836
3316
3950
3162
3754
1284
2308
683
2418
1734
2620
4872
1935
2837
392
3049
41
560
3959
3044
2914
3335
4130
3087
1082
1585
2606
4376
270
4030
2118
2098
1485
3757
454
2336
862
4224
856
2738
1121
3497
4461
1623
909
3796
58
3343
4613
651
2515
4483
1700
1216
1974
1811
1332
467
4628
4756
743
4445
18
1225
3701
1576
2207
3990
4679
3972
4571
2641
1267
3564
717
3156
2489
1889
4274
4546
4404
612
1227
2825
3190
4004
1717
2694
2255
1049
4772
4672
3208
4922
2367
611
2048
1454
979
1003
2907
2263
1768
2924
1979
1005
4953
3911
2785
2278
330
3394
1751
634
4073
3469
1680
24
62
4642
697
744
1044
1616
1290
591
4193
4718
3595
3788
4114
762
2842
3367
870
4298
3772
1152
53
4329
3167
4057
4843
4005
977
939
2729
1912
4309
3719
623
425
3709
1173
377
1237
4671
1764
1132
1118
3205
3820
1348
3800
4140
1927
4801
4442
1026
801
4407
3453
1733
2782
2485
73
1368
1142
194
4283
1371
1607
3181
1685
2121
3225
4981
3567
1555
4361
3836
3543
302
2857
3309
3314
2629
2814
1197
3111
223
4383
328
2778
4103
4500
405
2969
3982
1023
4663
2188
3374
656
3115
3832
4886
3568
4457
4986
1092
4852
1424
3582
2310
175
2605
1721
2435
1250
3722
3813
3155
1689
948
1089
4666
4626
4054
1583
1418
3665
3085
940
4308
2292
3889
2879
1063
2883
1397
2816
3605
2518
99
2166
3955
3857
2498
4714
1419
1062
988
2630
3787
4434
4038
2260
3744
1226
2127
1900
561
3828
1799
1
4928
4874
3923
3300
1838
2625
518
3607
4650
4703
1293
3970
1134
2259
4816
4573
1221
642
2001
4998
390
3600
123
3762
597
1845
196
14
2780
402
3221
998
1468
2339
4538
2985
3844
686
803
2403
1048
4561
3047
4952
4149
3063
957
3022
321
2470
1509
489
2645
4864
4040
39
3783
450
4569
3900
3071
2044
509
4501
212
3608
3634
2870
1748
2198
1652
2722
1442
2770
1980
4565
455
3161
2475
5
1803
2523
2787
2510
2957
2966
2084
4336
2775
2986
1311
2666
3986
1796
1839
574
3791
3038
1231
1436
2441
2577
4324
3980
1146
1101
3702
3001
4051
841
1897
3639
2932
3363
3200
2636
4646
2843
4433
1099
4853
3822
718
4165
4729
4420
3855
4964
4593
3710
3646
508
287
2254
2855
915
169
2458
43
2776
667
170
3160
2712
3604
2624
2031
4188
3860
1341
3437
2939
4321
232
3700
368
3589
4892
1896
4375
3305
1114
2446
2417
4248
3413
3501
3479
1931
3434
42
4353
2915
2180
209
3694
4251
3687
2011
2851
1493
181
3031
4382
12
3474
4223
983
2848
3758
2681
2569
4355
4215
3748
1579
2295
4064
2378
1002
3009
4808
4926
3919
4537
4478
351
4911
2609
4726
2039
3493
2575
1309
2768
621
4247
2538
260
1086
91
1939
3908
3729
151
2926
960
2326
694
647
4757
4074
29
1767
1244
4667
3790
1466
4804
1711
337
4849
3182
536
1835
2944
2766
366
2513
2408
298
2688
1832
412
3806
1219
3122
4075
496
523
491
157
1457
3468
2312
2401
1506
1510
705
2576
1702
1507
3201
1006
2989
4219
4909
2371
2543
896
230
1527
2912
3725
1648
2377
131
4522
3419
3231
3519
874
2975
4083
2018
1640
4527
585
3472
663
4687
2790
144
1688
3505
1826
811
4318
4789
4209
3376
3306
3924
1682
2568
2060
2153
3246
2530
3562
1745
872
1417
1919
3492
1968
2189
2657
1347
4016
752
2249
127
391
3422
1078
421
4660
3546
4424
482
919
4060
4788
3934
645
4931
4812
1723
4559
4916
4539
3331
1208
276
3574
812
4844
3578
2372
2824
2370
3935
3332
2004
2716
4534
3588
3922
1954
4857
3621
4187
3248
3083
2215
3988
1313
1444
2366
4694
966
172
2082
1396
2201
1677
2899
2393
2995
2037
3920
817
278
4257
3449
3398
2216
153
1842
2925
3528
1663
1255
4024
1074
2797
2849
4636
1642
810
995
4398
75
2120
2516
541
4136
3611
1657
4289
4432
4649
314
620
2978
2415
2869
3571
1439
2900
2250
2205
3078
4957
1031
1421
2264
1443
1130
2192
2744
2758
472
2430
173
1582
676
2436
1821
182
2160
4347
2942
4746
3557
3261
821
4093
4185
1495
1471
4253
2208
1020
2419
808
4970
4960
1282
331
4009
1467
2999
134
460
1655
2132
958
198
295
4163
1199
2003
289
387
1229
1392
646
1352
3101
3733
1340
4021
1562
1206
755
1963
334
1110
3338
3035
1612
22
4532
766
3478
2858
2754
4388
2471
2453
320
3586
1441
2890
4200
2680
603
583
1960
3723
3002
1052
143
1798
912
3232
617
1978
1427
1033
4455
4199
935
397
922
4735
1774
2338
1448
3099
3969
1643
1807
3178
1189
2261
2551
720
2328
503
3048
1857
3792
197
3897
3577
4121
1957
2562
2354
3979
4824
2788
3904
4348
1451
145
848
3632
971
3973
3050
2246
800
4798
2662
2034
4653
1042
2650
4092
1783
3645
4439
2284
2732
128
4082
4250
883
3558
1483
2557
3137
4880
4596
4155
2349
2823
192
2783
1766
4305
3319
4108
1851
1646
2554
1977
2708
2115
150
375
208
3401
2487
3227
152
2852
4920
592
4832
2131
764
1013
4822
3930
882
3059
1124
430
2886
4338
1111
2532
2265
4510
504
861
4977
1922
1058
68
4178
1571
4548
3298
2392
892
2022
2854
4730
3878
3382
4485
1486
1262
4615
2881
4171
3966
3172
4941
77
1310
2938
2863
750
2
543
4545
2319
4003
1735
1425
2784
2898
3352
4661
4425
3441
3862
4951
4898
3778
2187
1125
4358
3745
3536
2291
3095
2800
1431
3624
1069
1222
1556
2382
942
606
2445
790
300
3537
171
1572
680
795
231
4252
991
195
4008
3117
2012
3697
234
2505
132
2861
510
4085
987
3134
2967
569
4878
3522
4554
2158
1540
782
4360
4943
3344
3142
3454
3273
1635
3199
1724
1618
4719
695
1834
967
1948
3426
4220
1158
4454
245
3027
2148
4048
399
1818
2591
1337
3858
2340
876
4195
1094
1730
3594
1523
2526
3896
2723
3484
1752
4409
1779
1596
3204
3495
2256
822
1043
374
146
3340
4885
690
1306
2983
1050
2119
1754
2594
4971
3213
154
4769
326
4508
358
3184
1698
444
1109
2391
4815
3689
2355
4536
3486
3010
411
2495
3770
4711
2860
3660
2168
2818
3676
4622
950
3513
1969
3554
3364
2015
3446
714
4335
3315
3717
237
3801
4011
3823
1518
71
2990
3504
3192
279
50
4723
3116
4453
3012
2275
2252
3337
3247
3816
4817
464
4564
593
635
4793
2845
3279
1502
579
2512
1460
2801
229
3440
117
2156
4627
2627
4940
3650
4688
2757
228
4607
3345
538
4915
1374
1662
3461
1503
576
2910
4787
4269
2017
4727
2079
1488
4413
2889
1989
673
1637
671
4577
1669
3252
829
4700
1563
3637
4246
1693
3976
2013
1270
2073
3272
4107
4903
1824
1797
1869
1882
1242
3360
434
2427
4524
269
1986
1433
4511
2643
218
1028
3888
211
3961
1327
4888
1342
963
3821
1143
4645
2266
4090
346
1304
4921
3238
256
2383
3873
2701
4894
4080
1569
4173
2866
1941
1778
4553
4978
3448
4291
3194
4709
4600
1386
2959
772
2769
956
1115
2462
1993
917
4644
1224
1992
4743
4992
3627
265
930
2741
4249
4924
4925
3618
736
275
4937
749
4639
619
2455
4184
4634
4320
1081
746
3887
4138
87
1728
3417
1638
3942
4393
3625
1649
2574
4244
514
2648
4403
926
1017
1113
3174
1004
3490
2563
235
188
378
3559
4446
4734
3837
4115
849
1381
4570
4286
1881
1157
4225
1024
1771
4651
4058
588
1353
4416
1413
4117
66
236
4987
825
711
2163
2617
3874
4961
2633
2789
3775
539
2693
2904
3444
2057
493
3850
4806
2998
2930
2139
3711
993
1859
4437
1704
2157
748
1122
4621
3851
4031
339
281
1303
929
305
4495
1666
147
2410
530
1905
3488
125
4656
3659
104
550
435
3654
927
4046
3378
4588
2303
126
3070
572
3391
726
2171
1333
4105
3641
382
4299
2933
3061
2477
3678
3763
2827
4411
1356
4779
1524
1289
3077
3906
3293
4689
1877
2602
793
2578
805
2877
3691
3103
370
267
2369
2873
4275
3939
2588
1060
1535
4780
55
4168
2668
3223
3539
1128
1373
1534
4296
1077
2002
719
928
3927
2586
1292
4704
1983
2363
1615
1405
767
3845
3295
806
4778
2416
4465
4436
1497
2197
532
477
4881
3918
2806
1599
4850
1462
3058
3681
2109
1075
1133
2561
3662
3685
2141
120
1131
1617
2727
3302
1257
1943
418
2070
4463
4234
833
1578
4301
4241
1855
3265
1827
681
3406
2679
3638
3789
4157
65
4141
3183
1904
495
1678
2093
2836
2200
4584
3883
2717
4363
3670
3999
4848
2301
2601
4014
1781
3341
4043
1829
106
996
3831
199
2669
1126
2639
3096
4211
4015
2599
4997
4378
2531
3149
4438
367
1025
3463
1568
545
3218
2581
3108
4000
4380
4696
1472
2903
149
4356
3780
4078
4222
3015
1071
4012
2603
259
4120
3819
4228
2828
2793
3313
3885
875
2406
2692
760
2736
3289
3673
3026
3051
4238
2294
2126
3585
640
492
2100
81
1565
4984
4935
1817
332
3195
4754
850
3255
1363
4930
202
582
3584
4394
2634
2548
185
3447
3553
3550
11
4790
4904
2656
891
3633
3782
3460
932
4657
2677
774
1147
704
867
98
3260
1032
3975
2799
436
4891
3131
721
2311
910
4267
4681
4845
969
1906
4281
823
3606
1551
244
2365
4899
2703
4161
3507
1515
688
2103
707
1338
2927
1653
243
4883
3728
4489
1901
2211
4851
4811
103
873
2347
2872
4331
3991
4805
3771
1861
2360
1810
1718
2545
1769
2302
2891
1083
2840
1449
3317
4606
4328
4137
1737
2387
1525
2438
982
584
3094
2341
2092
1942
3207
4221
2078
2616
4068
1595
521
997
4169
1719
1784
4099
2918
1864
3891
3045
4990
2745
2682
1831
3334
3640
1684
3006
558
3347
4026
4725
980
2742
2334
1874
2413
2276
241
881
4879
4591
4372
1246
4144
3023
3751
709
303
1038
2452
2949
200
2850
777
4505
1920
2368
773
3018
3371
2038
513
2062
4643
868
630
4761
2281
3126
461
139
546
4132
4023
2517
1138
877
35
696
2335
3755
1913
3143
3620
4036
644
884
3191
4989
4295
423
889
83
3688
213
137
664
4262
2655
2466
1223
1479
363
1112
2269
4357
624
2402
2277
3079
3418
2922
3458
4084
3425
3928
1819
1865
2536
2896
1067
3871
2706
36
3467
784
3718
1670
1360
4422
342
3747
3631
3139
692
3917
4035
3863
27
4164
562
2468
2640
440
1274
1180
4652
4858
1694
3153
4514
2519
277
4319
1394
242
4033
4525
4430
1349
3579
4829
3064
1545
2447
1914
2713
3465
2298
976
23
1870
2028
732
3091
246
1434
2474
2831
4067
3336
2033
3898
4147
3867
2226
1264
3765
1214
4065
1301
4991
1447
3679
4589
661
4732
479
648
3222
925
1645
3664
3734
4786
2055
4865
4506
3962
629
4020
247
847
3157
2964
4458
2288
975
1750
655
1177
4901
4590
1136
3396
1713
2040
3926
2135
2228
1343
3707
4875
3443
1609
4392
826
1047
3834
3224
4929
1647
838
1636
599
3805
3384
2700
3693
4563
1664
2981
4550
92
1872
3968
1312
4123
1108
816
2521
898
1973
1253
1464
961
2124
3842
1763
531
3372
1014
1329
1604
26
3756
2361
1522
851
105
4775
4429
2652
2674
166
1753
3198
86
4722
691
3838
828
30
469
3158
3931
1961
3429
1707
54
3105
474
887
2274
2450
3481
1532
3971
293
2941
4212
383
1765
462
739
80
1178
4633
2350
3129
4317
3452
4721
4111
1629
4340
839
487
1459
4882
2253
1557
1890
1539
4370
2248
3614
1793
4792
1011
413
1184
3797
177
164
60
3276
1029
1492
4595
4110
2023
3933
1269
4996
3097
2134
3807
2130
224
4552
258
3432
601
4612
3602
4914
3825
1364
921
608
938
453
2172
2705
2273
4451
3263
1335
840
2553
863
4346
581
2721
4947
1391
465
2385
2893
4690
1520
627
4342
389
1559
3597
4242
3547
1594
4408
1513
3903
3230
796
2114
3019
4765
4201
148
962
266
3290
2976
4271
255
809
3774
4460
2621
1987
662
3125
2087
3036
184
1117
3076
699
3187
2283
1800
4176
3068
2847
4197
984
3244
4629
4820
2619
4131
4873
1287
240
433
768
1061
3905
4796
2356
737
4261
3408
3677
4710
4055
3856
769
4334
4410
1970
2429
107
4041
1789
1090
1120
1597
4339
3259
4124
206
4889
226
25
4716
2905
763
970
4192
4674
3524
3941
4181
3170
4867
4290
994
448
799
1232
981
3540
1712
3545
2239
2547
4049
3494
262
3944
631
712
1068
3809
3267
4263
1731
1982
3229
359
179
2111
1813
3716
3696
4333
313
2411
2951
610
4226
422
1235
2054
4540
2982
1561
1281
3477
2426
3487
2887
2988
2522
2174
3721
890
3348
2021
97
1412
3985
3375
1105
3130
2122
1365
3430
1430
3617
3810
4494
4373
3859
2608
4198
1926
3738
3320
4745
4549
4148
1251
3761
1891
1400
4387
3799
301
3476
2579
45
1988
604
528
1482
4152
3690
108
2203
3323
4154
2094
3311
1000
395
380
3110
2541
505
3135
4982
535
1357
2702
4677
4231
4032
2644
3084
2343
2181
4258
4039
2480
2164
2809
1210
3482
1833
4056
1853
1150
2844
727
2006
3840
4310
2152
3901
1620
1053
2697
2229
4814
193
2707
312
3932
2049
3753
4351
4530
735
187
552
2868
3243
2552
37
1739
4265
4535
2096
791
4259
1846
4122
2486
2921
3508
1815
3415
3502
1893
2238
4254
4969
485
903
3743
657
4145
4365
3206
1314
794
3046
1976
3270
3893
4428
3580
3965
3674
2107
761
3656
2346
4597
3034
4126
3450
2123
1153
1334
3154
348
1198
4519
3527
3491
2108
4834
1873
1770
2364
1736
4217
3275
253
2660
965
4640
2593
3082
2463
595
2672
4533
985
1573
1300
1794
3565
2612
1858
1319
2961
3699
4699
2970
201
2507
3389
4028
311
4287
2714
4933
3291
1782
2659
2595
2991
111
2199
263
4095
4521
534
1772
1773
2460
2322
1073
1546
724
4972
3598
943
2290
586
3989
1477
2176
1191
1159
3958
2808
2980
598
3875
61
1254
2456
522
3258
2047
3708
864
2528
2099
2734
4052
2428
1316
524
2821
4828
3171
3411
1409
1697
82
1804
2389
4297
3515
4908
4890
1895
3421
3292
4625
2794
1651
4944
3457
3829
2820
2664
101
4847
3583
1547
1027
1674
357
708
2550
1775
2315
3285
1505
1463
3993
4863
1344
4736
4836
756
1276
3065
3854
4927
4859
2496
1426
2185
3827
907
186
3451
3216
1639
2063
3151
3245
316
299
4902
2878
1076
121
407
2670
723
38
3698
3802
1163
738
1308
3233
4094
3121
3915
3435
4648
2300
3328
2337
3412
3998
135
1909
3288
3123
1478
2342
684
4235
79
4974
2740
2414
4143
3361
1372
210
3089
4950
1351
315
2316
1055
4327
3254
1209
1261
4102
100
112
1236
2943
1416
2611
4751
687
1193
3517
2737
2030
3041
2711
308
4440
3297
1628
4386
2856
1096
1116
751
4813
4419
923
3824
1994
959
4833
1558
578
251
2560
1328
3011
1097
1777
785
1182
2162
130
4624
2059
3114
3020
3359
3731
1790
3629
832
1966
1949
2318
4482
660
2058
3994
4934
2597
3039
1852
4229
401
3056
352
2813
1399
4897
459
233
4179
703
4939
3846
2212
819
386
3257
2285
4293
701
1945
1330
333
4345
1266
2628
2494
4620
1930
2482
471
2749
3587
3326
2993
1517
500
4795
254
3410
2359
3843
4227
4206
2750
1787
609
2439
2695
1192
2499
4086
480
1204
3240
2974
163
600
589
3150
490
2065
408
659
4682
1100
2779
2762
3872
900
641
3327
396
1302
2473
4502
3814
4303
4322
2838
466
2258
3949
1015
457
3234
426
1586
2125
1268
4196
3250
116
2533
4821
1613
1102
2220
2917
563
702
2600
3746
2353
4520
119
3525
33
4268
2615
2299
329
335
2247
3438
4698
4285
2882
1574
1465
1825
3954
3003
1243
4544
3007
4349
4938
1802
2618
776
1499
2113
2005
2511
57
682
4868
3471
4456
4956
2596
1056
3053
614
2351
280
4397
2380
168
2812
2194
2830
394
1923
1741
1202
643
4782
1491
3189
548
2146
4556
2822
6
2196
327
1106
4213
974
3339
517
2649
1888
285
4133
3865
427
274
4776
1403
4366
3895
765
49
4476
3355
2503
2829
4406
1892
3798
3695
4174
3735
4869
1511
3140
3074
992
670
4541
2772
2987
456
2747
2500
1554
4610
575
4129
2325
2443
4401
2234
4001
1355
4749
2434
4692
322
1544
4531
1962
129
4266
3713
4740
1705
1566
4189
1531
3510
4910
3043
1560
4396
3368
4684
3956
1570
3211
4748
4980
2306
4618
4712
3630
1627
250
1317
443
529
1154
1762
4464
1780
3569
1755
19
2287
499
1258
1370
1218
3431
729
1361
1054
2638
973
1671
936
1170
3552
1710
4013
3573
1324
3737
3516
2235
4555
2709
1899
46
4701
4838
3652
4948
4945
1295
2147
4282
44
3144
3682
344
511
3113
2733
1916
4963
2454
1104
3544
4475
3318
2481
788
304
3209
2206
3102
3405
318
2476
3853
1375
954
1085
3581
1632
4304
2074
666
2546
373
3520
2880
3346
3145
4477
3062
1742
2962
4104
3892
1715
4205
1567
4680
978
605
2892
1195
4062
3350
2333
3890
731
4153
3663
1847
4480
2534
3165
1166
4025
2937
2080
1946
2610
3615
2182
406
1247
2217
2379
2923
3847
2654
3518
2137
3014
786
2671
4503
3609
4255
4294
2465
804
13
2117
3282
4932
4042
3060
1271
1918
4391
879
3593
3286
1703
2140
4695
2024
2329
2726
4239
3841
102
2803
2698
2704
1984
271
3168
219
613
2715
2444
2539
4326
4862
537
470
1880
525
4359
3024
1806
830
221
2390
4574
2646
2653
741
4400
2771
1964
3266
3423
1928
1972
989
678
2928
2947
1388
2448
2994
1203
3152
596
888
345
3185
4113
1440
3749
2895
338
2524
4999
324
4159
3416
64
4264
1650
1406
3952
409
4325
1103
4637
4218
1428
1538
3984
3228
559
4826
2667
1156
1699
4127
1398
1907
4190
2549
160
1675
4576
1590
4344
1553
3616
4655
1445
1749
2760
4623
571
364
1359
4414
93
1757
4488
1384
4096
2572
4669
2067
1591
428
4146
296
1665
3358
3080
2309
4861
3727
458
3176
1245
1587
4855
3503
2865
4664
3029
3037
1001
1041
1871
3692
2781
4668
4311
1543
3916
2081
3626
2802
1487
2227
3202
4160
1135
3370
249
1382
1194
214
837
3651
4585
2014
356
3033
842
1760
4767
3390
1408
2493
4691
4794
4870
84
4063
1701
4037
770
1537
3277
3644
484
4402
4158
4412
3960
306
2885
4720
2565
4467
1867
4367
2190
3304
3093
2219
4081
2376
781
72
2675
4670
4936
616
4066
4803
1953
1149
2179
1967
4330
381
1305
94
4332
2437
2374
2520
2008
21
3882
4579
2071
1879
2587
1681
1631
4900
1934
2792
2573
3217
178
2791
3180
3385
4913
2144
652
813
846
4854
2069
497
1277
4443
4233
4098
2623
3704
3242
3369
2647
1692
3088
1673
2241
1455
3523
1484
2529
1541
2142
494
2724
2086
264
852
4766
2386
2884
502
3480
3177
787
2151
3054
4071
1641
2305
2725
911
1480
2735
3864
3649
3643
4307
1234
4399
59
869
2795
2936
2839
3380
294
2043
142
990
902
1915
1065
780
2362
798
1667
3760
4077
341
2954
2112
2686
2026
2945
3442
3324
1696
565
672
4611
2159
2150
3509
3591
3397
3601
1601
2076
633
4617
1188
1521
2973
2233
2424
4614
2388
2537
47
675
2876
4150
602
2622
1656
1726
3835
2327
3549
1814
4866
2116
1958
1533
56
1708
4292
1856
32
2400
297
2731
1185
1402
1593
2906
1743
291
865
2506
4619
931
347
3657
2431
3109
1997
580
668
3377
414
834
138
1548
677
2072
1947
3104
949
1952
4486
1346
4142
3636
3781
3329
4232
34
2718
2133
3886
8
1822
4214
3392
4047
4191
4343
740
1407
4685
3107
920
3741
3428
2540
2149
446
2007
1917
2867
4739
1738
3937
1186
590
4994
3310
1937
1016
4728
622
2835
3403
290
355
4755
1530
3938
3779
1971
4839
1393
1875
3514
2756
1098
1898
2373
4088
1498
1605
388
1395
3669
2696
710
4312
1030
1315
952
3658
1294
2902
814
1432
2598
4594
3069
2763
679
2191
4783
3869
1019
3393
3498
1446
74
1690
3736
953
1936
625
2293
2834
2542
3456
4166
636
2767
2492
3648
1139
2965
2746
3907
3542
1630
4202
2381
2404
897
3555
3197
1307
1458
1791
1785
859
1959
4673
3977
4773
2464
2317
1844
3485
4601
706
2940
1676
90
3811
1091
1955
878
3013
4002
1415
2685
1411
4204
4785
1035
2085
3750
2210
174
4059
3173
3090
1998
3957
4918
2101
2041
4641
1350
478
257
1634
3655
1985
2909
4435
4426
2230
3912
3913
2807
140
189
307
3879
1093
2102
1275
4993
183
3804
89
4967
2143
4917
1456
4499
1654
999
3647
2331
2104
4770
1279
1249
3776
4277
3720
1215
2016
3894
1256
2042
2407
4568
4959
2320
379
227
2395
3848
2819
1809
2056
2862
716
3120
1283
1145
4741
4118
4208
3159
4771
476
4800
1164
4955
4472
1725
3599
1816
4983
2090
1453
628
2097
4599
669
2165
1298
4758
3675
1196
3016
4560
2457
3826
1991
4562
916
556
3672
1137
554
3212
1376
674
1322
2423
2451
1995
4923
1633
136
3330
3281
899
564
557
2490
2642
1894
1679
3619
553
4988
4381
2555
4278
2570
2029
4823
2155
110
376
1211
2710
1549
3399
1564
1160
854
858
1051
155
4350
1828
3963
1732
2765
1608
934
2508
442
3995
4705
824
4604
658
4139
1285
689
2138
176
908
2833
2251
3055
2409
475
1727
3684
2280
4236
2805
4423
501
2984
4665
3764
527
2422
3526
441
3489
4893
2567
2289
393
3128
1057
4517
3196
3296
4630
3215
4896
2689
2690
2145
4076
3424
551
404
2297
4675
349
871
2773
2262
1536
1022
4551
1528
1321
1119
3951
1040
4744
713
555
1933
4547
4763
1614
3635
2089
3940
1598
835
3766
3881
4962
3936
4279
2314
3740
96
2053
3759
2307
4831
2755
1841
4180
1148
3880
1260
4182
4840
3803
3373
3073
3533
4906
1956
468
2110
2585
1379
2637
2170
1975
1476
802
860
3098
360
3427
353
3278
486
4089
1345
1592
1588
2859
1812
4738
3909
2432
1273
3868
3163
3271
1045
417
473
4109
4447
325
4427
439
1238
2963
1161
4466
2739
947
1286
1201
4487
4029
1171
70
775
3613
1141
1066
2684
3943
4760
3133
4887
317
4791
4448
2571
4835
1461
972
4647
4759
3541
2752
2282
955
1494
1070
3742
3017
951
1469
2066
4337
2009
986
1037
4592
3795
573
1619
4876
2161
1622
1672
3730
2525
3269
2173
1866
362
4288
1805
2663
758
1420
4050
2052
1550
2888
2841
369
20
2798
1925
1167
734
272
570
3953
4526
1659
2268
4529
2232
1084
2323
432
3148
1362
4946
3556
4069
3945
2509
3379
3914
204
1938
2811
637
1366
2897
4431
4045
1339
2678
2502
807
2313
4542
2270
1422
638
700
4895
665
2467
1776
4474
51
4905
3767
3086
747
4385
2564
2979
4170
3439
1240
403
4635
3256
1181
2027
2483
2514
1174
3040
3997
4019
1747
4807
371
2178
1187
3274
4515
4273
2913
4374
4240
2286
3561
2412
1744
3235
4497
2064
2421
3388
2088
309
2405
2244
2321
3004
1046
3008
1429
4802
1830
4194
2635
2977
1691
1575
4418
594
3773
3946
17
2497
519
4609
2175
3030
4061
526
2068
2997
1940
118
547
3496
1999
3299
2687
1501
429
4441
4558
1297
1929
3075
937
1039
2935
2691
4965
2129
4523
2743
2167
3612
1438
2195
3987
745
1212
3475
639
4846
1921
1228
4713
1410
3210
2348
2488
4006
15
905
4860
3817
2243
4323
3623
3534
207
4706
1686
1272
76
225
3081
3683
261
3978
618
4100
4097
4237
4567
1387
3005
1213
2106
4369
797
1155
4827
4417
4631
3138
964
866
1183
2826
115
3353
1088
2632
4450
2061
2105
2559
1021
2764
1883
2420
516
2010
3653
1265
1884
4958
1490
3188
1600
498
1200
4819
284
114
2796
3106
3262
248
3603
4747
3667
372
1435
4207
3706
1176
3714
1034
4053
1746
1175
2433
4484
1323
3
818
4243
4272
1709
16
445
3042
3666
4954
520
1095
2478
4128
1470
1990
2036
1168
1848
3301
3739
95
483
4781
4167
827
4884
3264
4658
3967
722
4731
3092
3877
3590
4841
2658
3818
1217
2000
3025
3596
2699
924
31
2083
2183
615
1981
2209
3057
63
2245
2469
567
1127
1288
4116
3303
162
3241
222
4479
4603
1252
4354
3870
3066
1514
1259
895
2399
4316
4151
1012
124
3445
3251
4216
283
4027
3333
2091
2817
1808
685
9
288
4752
1944
1009
1385
4384
3193
880
1902
4581
2676
4119
3400
3752
416
1241
4975
3386
4459
4877
1695
2626
2213
2222
3147
3499
2661
2916
1584
4737
3566
1740
632
282
4753
4516
1862
2272
792
2786
1661
4750
4245
2384
3530
1325
1577
4777
4575
48
2810
4134
4733
3947
2774
4995
3661
1868
4825
3100
3769
2719
2566
3902
968
239
2614
783
540
4702
1660
3925
133
3127
3992
4724
4044
365
2952
2425
3921
2929
2050
753
273
515
4315
4598
3576
3000
3284
1401
1036
1580
728
650
2154
533
343
4034
4662
3203
4490
4907
1358
3464
1452
420
4405
113
2956
1230
3572
2728
1205
78
3462
424
1526
3815
1626
2193
4481
3349
3575
754
3220
698
323
2169
4468
2673
4678
853
855
4390
4070
3407
3610
3387
4444
845
3768
2214
1354
2631
167
3521
933
1378
2449
4112
4230
2584
1624
2911
410
1903
1581
3325
2556
2442
4509
3459
3551
2332
1233
69
3899
1850
1512
3321
2236
2589
384
4837
1625
3500
3436
1151
2479
1326
757
1843
4341
4203
1437
3812
1756
906
1687
4018
2992
419
3793
1367
4449
4799
506
1278
1172
158
1860
2221
2583
778
4985
2960
3414
759
4856
904
2035
2558
4462
1849
2304
2345
2759
2853
3715
2753
914
549
4371
1878
1008
654
2257
4377
2440
2955
1508
3226
3186
3455
3179
2730
165
1658
2025
4079
4210
3473
587
4007
2804
4177
3470
2231
3141
361
4582
1516
191
10
3786
4784
159
4379
4830
2971
2665
1668
1280
3342
2459
2491
4578
3239
447
1080
649
2218
2875
2184
1965
216
1087
1863
1414
3307
4106
3253
4306
3175
2020
1908
4686
1129
1820
437
1320
2931
3784
4469
4186
2832
4452
886
653
607
4919
217
3409
2095
857
3366
109
1383
1380
2972
4583
2908
3785
4659
1837
1519
3136
544
431
843
507
3712
1589
1729
4364
779
3532
3866
1007
2019
725
1377
1390
1179
1336
2996
4543
3294
2580
451
2204
205
4507
4693
2358
3219
3249
4818
4101
4797
836
512
4156
844
3570
1475
742
4284
3884
1489
693
3322
2535
4676
4162
3671
3622
4608
3839
52
3356
1079
3268
771
4091
2919
3308
2394
2501
3732
4912
4580
3169
3237
4605
340
3287
1542
3362
2544
3506
1500
3028
3483
190
4352
4087
2224
3119
1010
2874
2871
4270
3724
1786
2953
2279
3032
3072
2045
4470
1932
2864
85
1854
4473
4715
3124
3404
1064
2950
3132
2077
4602
2472
1761
1910
1788
2604
820
1795
1996
4135
1331
5000
3668
2032
4586
4587
4415
3512
815
2613
3705
3236
4810
1239
88
463
4313
385
438
3861
4491
215
1496
1072
4072
4
941
203
2357
4654
4389
488
2590
2397
4172
1603
3357
4518
2186
7
1140
4979
3067
1716
3808
3983
