0
5956
4973
2846
4010
893
5580
5237
220
1602
1423
2375
1450
2240
1911
3511
67
946
5296
6876
789
3777
5701
6097
5045
5006
6456
6204
6445
542
1481
6963
5133
5075
4513
5713
4557
6841
6920
6240
3642
1792
2223
3726
2607
1169
1291
3996
3794
415
3395
5783
5034
5597
4017
1299
6824
4256
5682
4512
6337
481
568
3118
5448
2748
2398
4496
161
6579
6622
4968
5921
5176
5128
3402
6192
4504
5194
1263
5576
2948
4276
3381
452
3529
1644
6221
6263
3280
4616
733
2592
1876
4966
1248
2968
6674
6887
831
3354
4871
4572
3852
3166
4125
2271
1610
6487
268
4774
5076
141
5046
5505
4183
3420
5961
6039
1759
4942
2202
5867
5323
1369
2242
5943
566
1924
319
4768
5436
918
2484
6060
913
6646
5763
4717
1951
4493
6486
449
156
4314
2461
3164
2934
5719
5904
122
28
4498
4260
3146
5748
1885
2761
730
6234
2720
4368
4632
5040
400
3531
3351
238
1207
4280
1611
6506
5024
6113
5005
5651
1474
6850
1504
6425
4707
4300
1801
4762
2683
1190
1529
5892
3974
1123
3535
3929
1758
1404
5975
3910
2920
5933
5586
885
2075
1950
3312
2330
715
4492
5527
2958
2815
4697
4528
945
3876
1389
1162
3680
3433
1165
3538
5485
5089
6774
5636
398
2177
1220
3686
6762
5962
2352
2651
3948
4976
1606
4302
5044
3283
6394
1552
5166
3628
6830
1473
4362
4471
1836
3316
3950
3162
3754
1284
2308
683
2418
1734
6056
6327
1935
5866
5088
3049
41
560
3959
3044
2914
3335
6312
6951
1082
5780
2606
6193
5705
4030
2118
2098
1485
3757
454
2336
862
4224
5229
2738
1121
3497
5498
6659
909
3796
5656
3343
6177
651
5771
5276
5708
1216
5033
1811
6267
467
4628
6588
6287
5541
18
1225
3701
1576
2207
5411
4679
3972
4571
2641
1267
3564
5086
3156
2489
6141
4274
4546
4404
612
5243
5256
5138
4004
1717
2694
2255
1049
6584
4672
3208
5732
2367
611
2048
6987
979
1003
2907
2263
1768
2924
1979
1005
4953
3911
5391
2278
5281
3394
1751
634
4073
3469
1680
24
62
4642
697
744
1044
1616
5390
591
5293
4718
3595
3788
5594
762
6525
3367
870
4298
3772
1152
6376
4329
3167
4057
4843
4005
6696
939
2729
1912
4309
3719
623
6912
6469
1173
5324
1237
6621
1764
1132
1118
3205
6081
6694
3800
4140
1927
4801
6879
5734
801
4407
3453
6961
2782
2485
73
6567
1142
5575
4283
1371
1607
3181
1685
2121
3225
4981
6815
1555
6948
3836
6258
5292
2857
3309
3314
2629
2814
5676
3111
223
4383
328
2778
5735
4500
6605
2969
3982
1023
4663
2188
3374
656
3115
6385
4886
3568
4457
4986
1092
4852
1424
3582
2310
175
5670
6050
2435
1250
3722
3813
6753
1689
6435
5524
5455
4626
4054
1583
6014
3665
3085
5251
4308
5174
3889
5441
1063
2883
5269
2816
3605
2518
99
2166
6059
3857
2498
6392
1419
1062
988
2630
3787
4434
4038
2260
6023
6459
5239
5137
561
3828
1799
1
4928
4874
3923
3300
1838
2625
518
5898
4650
6842
5785
3970
1134
5401
4816
4573
1221
642
2001
4998
390
3600
5573
3762
597
1845
196
14
2780
402
6996
5513
1468
2339
6782
2985
3844
686
803
5835
6144
5993
3047
4952
4149
3063
5579
6235
321
2470
1509
489
5228
6157
4040
5801
6467
450
4569
3900
3071
2044
509
4501
212
6845
3634
2870
5819
2198
1652
2722
1442
6761
1980
4565
455
3161
2475
5
1803
2523
2787
6770
6325
2966
2084
5510
2775
5688
1311
2666
6716
1796
5214
5692
6290
3038
1231
1436
2441
5557
4324
3980
5816
1101
5641
3001
5109
6738
6669
3639
2932
3363
6968
2636
4646
2843
4433
5191
4853
3822
6026
4165
5184
4420
3855
4964
5213
3710
3646
508
287
2254
5415
915
169
2458
43
2776
667
170
6451
2712
3604
6589
5051
4188
3860
5462
3437
6807
5908
232
3700
368
5149
5364
6079
4375
5851
1114
2446
2417
4248
3413
3501
3479
1931
3434
5878
4353
2915
2180
209
3694
4251
3687
2011
2851
1493
181
6598
5372
5264
3474
4223
6958
5388
5316
6527
2569
4355
4215
3748
5986
2295
4064
5018
1002
6411
4808
4926
6457
5854
6395
6276
4911
5925
6491
6977
3493
2575
1309
2768
621
5026
2538
260
6586
91
1939
3908
3729
5136
2926
960
5217
694
647
4757
6315
6464
1767
1244
4667
5417
1466
5110
6106
337
4849
3182
536
1835
2944
2766
366
2513
2408
298
2688
5134
412
3806
5430
6801
5310
6158
523
491
157
1457
3468
2312
2401
1506
1510
705
2576
1702
1507
5784
1006
2989
6926
4909
2371
2543
896
5479
1527
6510
3725
5193
2377
131
4522
6022
3231
3519
6681
2975
4083
2018
5649
4527
585
5013
663
4687
2790
144
1688
6027
6529
811
6955
5781
4209
3376
3306
6165
1682
2568
5940
2153
6471
2530
3562
1745
872
1417
1919
3492
1968
2189
2657
1347
4016
752
5552
5577
6498
3422
5902
5132
5588
3546
4424
482
919
6280
4788
3934
645
4931
6908
1723
4559
4916
4539
3331
1208
5484
3574
812
4844
3578
2372
2824
5948
6650
3332
6062
2716
6940
3588
3922
1954
4857
3621
6372
3248
3083
2215
3988
5168
1444
2366
4694
966
172
6998
1396
2201
1677
6349
6196
5354
2037
3920
817
278
4257
6077
3398
6819
153
1842
2925
3528
1663
1255
4024
1074
2797
2849
6884
6969
810
995
4398
6181
2120
5413
541
4136
3611
6238
4289
4432
4649
314
620
5587
2415
5726
6675
1439
2900
2250
2205
5456
4957
1031
1421
2264
5116
1130
5848
2744
2758
6237
2430
173
5208
676
2436
1821
6736
6128
4347
2942
4746
6084
3261
5099
4093
4185
5612
1471
4253
2208
1020
2419
808
4970
6293
1282
6779
4009
6704
2999
134
460
1655
2132
958
198
295
4163
1199
2003
289
387
6182
6691
646
6554
5064
3733
1340
4021
1562
5154
755
1963
334
5150
3338
3035
1612
22
6809
766
3478
2858
5782
5230
2471
5773
5113
5108
1441
2890
6690
6132
5746
583
1960
6136
3002
1052
143
6170
5540
6905
5356
5601
5395
1033
4455
4199
6985
397
6756
4735
1774
2338
1448
3099
3969
1643
1807
3178
1189
2261
2551
720
2328
503
3048
6980
5627
6524
3897
5360
4121
1957
6357
2354
3979
4824
2788
3904
4348
6715
145
6089
3632
971
3973
3050
2246
800
6129
2662
2034
4653
6730
6214
6246
1783
5789
5247
2284
2732
6925
4082
6406
6336
3558
1483
5039
5707
4880
4596
4155
2349
2823
192
5765
5548
6379
6000
4108
1851
5695
2554
1977
2708
2115
150
6383
6562
3401
2487
3227
152
5182
5056
6174
4832
6067
764
1013
4822
3930
882
6784
1124
430
2886
4338
1111
5812
2265
4510
6641
5711
4977
5696
1058
68
4178
5282
4548
5268
6228
892
2022
2854
4730
3878
3382
4485
1486
6125
4615
2881
4171
3966
3172
5709
77
1310
6739
2863
750
2
543
4545
2319
4003
1735
1425
2784
5699
3352
4661
4425
5473
3862
4951
6291
6595
6475
1125
4358
3745
3536
6546
3095
2800
6362
5868
1069
1222
1556
2382
942
6860
2445
790
300
5808
171
1572
680
795
231
5728
991
195
4008
5847
2012
3697
234
5487
132
2861
6954
4085
987
6300
2967
569
4878
6007
4554
2158
5123
782
4360
5944
6016
3142
3454
6387
5130
3199
6417
1618
4719
6660
1834
967
5604
3426
5660
5248
4454
245
3027
5450
4048
399
5483
5553
1337
3858
2340
876
4195
1094
1730
6149
1523
2526
3896
2723
3484
5985
4409
5028
1596
6472
5858
2256
5232
1043
374
5721
6684
4885
5980
1306
2983
1050
2119
6946
2594
6643
3213
154
4769
326
6915
358
5857
1698
5694
1109
2391
4815
3689
2355
5823
3486
3010
411
2495
5797
4711
2860
3660
2168
2818
3676
5667
950
3513
1969
3554
3364
6743
3446
714
5775
6970
3717
237
3801
4011
3823
1518
71
6633
3504
3192
279
5069
4723
3116
4453
3012
2275
2252
3337
5096
3816
5618
464
4564
593
635
4793
2845
3279
1502
579
6375
1460
2801
5996
3440
117
2156
6335
2627
4940
3650
4688
6712
6930
5105
3345
538
4915
1374
5457
3461
1503
5041
2910
4787
4269
2017
4727
2079
1488
5402
2889
1989
673
1637
6241
4577
1669
3252
829
4700
1563
6746
4246
5363
3976
6247
1270
5509
3272
4107
4903
5981
1797
1869
1882
1242
3360
434
2427
4524
269
1986
6130
4511
6587
218
6592
6911
211
3961
6668
4888
1342
5817
3821
1143
6222
6057
4090
346
1304
5380
3238
256
2383
3873
2701
6470
4080
5994
4173
2866
6888
1778
4553
6964
5852
4291
6952
4709
4600
1386
6666
772
2769
956
1115
2462
1993
917
4644
1224
1992
4743
5365
3627
6695
930
2741
5517
4924
4925
3618
736
275
4937
5198
4639
5412
2455
4184
4634
4320
1081
746
6035
4138
87
1728
5562
1638
6119
4393
3625
1649
2574
5500
514
2648
6495
926
1017
1113
6359
1004
3490
2563
235
188
378
3559
6441
4734
6667
4115
849
1381
4570
4286
1881
1157
4225
1024
1771
4651
4058
5162
1353
4416
1413
6937
66
236
6155
825
711
6093
2617
3874
4961
2633
5968
3775
539
2693
6094
5788
2057
493
3850
4806
2998
6933
5747
5312
993
1859
6702
1704
5983
748
5057
4621
5240
4031
6764
6848
1303
929
305
4495
1666
147
6274
5067
1905
3488
6384
4656
3659
5234
550
6581
6490
927
4046
3378
5791
5444
126
6251
572
3391
5914
2171
6377
4105
6903
382
4299
6630
3061
2477
5620
3763
5226
4411
6542
6881
1524
1289
3077
3906
3293
5307
1877
2602
5584
2578
805
2877
3691
3103
370
267
2369
2873
4275
3939
6769
1060
1535
4780
55
4168
2668
3223
6766
6967
6104
1534
5398
6814
2002
719
928
5246
2586
5261
6686
1983
2363
1615
6608
767
6075
3295
5605
4778
2416
6012
4436
1497
6156
5624
6369
5643
3918
2806
1599
4850
1462
3058
3681
2109
1075
1133
2561
3662
3685
2141
120
1131
5798
6360
3302
1257
1943
418
2070
6142
4234
6553
1578
4301
5072
6169
5718
1827
6853
6474
2679
5200
3789
4157
6095
4141
3183
5338
6652
1678
2093
2836
2200
6897
3883
2717
4363
3670
3999
5160
2301
5744
4014
1781
3341
4043
1829
106
996
3831
199
2669
1126
2639
5309
5333
4015
2599
5668
4378
2531
3149
4438
367
1025
3463
5717
5107
3218
2581
3108
4000
4380
6381
1472
2903
149
6430
3780
4078
4222
3015
1071
4012
6719
5542
4120
3819
4228
6485
2793
3313
3885
6453
2406
5408
760
2736
6354
3673
3026
6836
6865
6627
2126
6303
5443
492
6400
81
1565
6043
4935
1817
6164
3195
4754
6532
5359
1363
4930
202
6780
3584
4394
2634
2548
185
3447
3553
3550
11
4790
4904
6760
891
6497
3782
3460
932
4657
2677
5792
5095
6269
867
98
3260
1032
3975
5199
436
5992
6717
6266
2311
910
4267
4681
5581
5429
1906
5358
823
3606
1551
244
2365
4899
2703
4161
3507
6890
688
2103
707
6386
2927
6331
6298
4883
3728
4489
6492
2211
4851
4811
103
873
2347
2872
4331
3991
5897
3771
1861
2360
1810
1718
2545
1769
2302
2891
1083
2840
6431
6731
4606
4328
4137
1737
5311
1525
2438
982
6055
3094
2341
2092
6494
3207
4221
6275
6676
4068
6857
6289
997
4169
1719
1784
4099
6052
1864
6122
3045
4990
2745
2682
1831
3334
3640
1684
3006
5503
3347
4026
4725
980
5442
2334
5387
6585
6843
241
881
4879
4591
4372
1246
4144
6345
3751
6990
303
6617
2452
2949
6561
2850
777
6393
1920
5888
773
3018
6618
2038
513
2062
4643
868
630
4761
2281
3126
461
139
546
5035
6361
2517
5119
877
35
6439
2335
3755
1913
3143
6208
4036
644
5825
3191
4989
4295
423
889
83
3688
213
6916
664
4262
2655
6602
1223
1479
5502
1112
2269
4357
6847
2402
2277
3079
3418
2922
5241
4084
3425
3928
1819
1865
2536
6942
1067
5617
5453
36
6891
784
3718
1670
6724
6907
342
3747
3631
3139
692
3917
4035
3863
5967
5733
5185
2468
6200
440
5349
6087
4652
4858
1694
3153
4514
2519
277
4319
6373
242
4033
4525
4430
1349
3579
4829
3064
5142
2447
1914
2713
6993
2298
976
23
1870
2028
732
3091
246
1434
2474
2831
5903
3336
6900
5531
5995
3867
2226
1264
3765
1214
4065
1301
4991
1447
3679
4589
5299
4732
479
5343
3222
925
1645
3664
3734
6105
2055
4865
4506
6092
629
6255
247
5492
3157
2964
4458
2288
6096
1750
655
5572
4901
4590
5140
6366
1713
2040
3926
6008
2228
1343
3707
4875
3443
5104
6613
5376
5202
6440
3224
4929
1647
838
1636
5435
3805
3384
6992
3693
4563
5859
6949
4550
92
1872
3968
1312
4123
1108
816
2521
898
6482
1253
6173
961
2124
5663
1763
531
3372
1014
1329
1604
6803
5434
2361
1522
851
105
6826
4429
6705
6206
166
5036
6947
6197
4722
691
3838
5767
5126
469
3158
5768
6626
3429
6011
54
6273
474
887
6261
2450
3481
6434
3971
293
2941
4212
383
6516
462
739
80
1178
4633
2350
3129
4317
5382
6322
4111
1629
6306
6404
487
1459
4882
2253
6902
1890
6397
4370
2248
5427
1793
6787
1011
413
5152
6811
6663
5366
60
3276
1029
1492
4595
6414
2023
6531
1269
4996
3097
2134
3807
2130
224
4552
5496
6851
601
4612
3602
6923
3825
1364
6452
608
938
453
2172
2705
2273
4451
6576
1335
840
6080
5216
4346
5687
2721
4947
6572
5628
2385
2893
6032
5871
6502
4342
389
6202
5776
4242
5478
1594
6748
1513
3903
3230
5569
2114
6568
4765
4201
148
962
266
6558
5820
4271
255
809
5683
5650
2621
1987
6285
3125
6232
3036
6370
1117
3076
699
3187
5267
1800
4176
6403
2847
4197
984
3244
4629
6754
6476
4131
4873
1287
240
433
768
1061
3905
4796
5314
737
4261
3408
3677
4710
6316
3856
5464
4334
4410
1970
2429
107
4041
1789
1090
1120
1597
4339
3259
4124
6563
5690
226
5630
4716
2905
763
6697
4192
4674
3524
3941
4181
6917
4867
6211
6883
448
799
1232
6443
3540
1712
3545
2239
2547
4049
6688
262
3944
5991
712
5998
3809
3267
4263
1731
1982
6840
359
179
2111
1813
3716
3696
4333
313
2411
2951
610
4226
422
1235
6931
6326
2982
5949
1281
5602
2426
3487
2887
2988
2522
6066
3721
6677
3348
5706
5779
1412
3985
3375
1105
3130
5813
1365
5211
1430
3617
3810
4494
4373
3859
2608
5742
1926
3738
3320
5015
5375
4148
1251
3761
6557
1400
4387
6747
301
3476
6936
45
1988
604
528
5428
4152
5476
108
6069
5157
4154
2094
3311
1000
395
6036
3110
2541
505
5145
4982
6825
1357
6657
4677
4231
4032
2644
5196
2343
6319
4258
4039
2480
2164
6832
1210
3482
1833
4056
1853
6870
2844
727
2006
3840
6028
2152
3901
1620
1053
2697
2229
4814
193
2707
312
3932
2049
3753
4351
4530
5400
6960
552
2868
3243
2552
37
6999
6044
4535
2096
6797
4259
1846
4122
5678
2921
3508
1815
5147
3502
1893
2238
4254
4969
6679
5917
3743
657
4145
4365
5516
1314
794
3046
1976
3270
3893
4428
3580
3965
3674
2107
6535
3656
6597
4597
3034
4126
3450
2123
6772
1334
3154
5021
1198
4519
5481
3491
2108
4834
1873
1770
2364
1736
4217
3275
253
2660
965
4640
2593
3082
6777
595
2672
5567
5837
1573
1300
1794
3565
6250
1858
5741
2961
3699
4699
2970
5880
2507
3389
4028
311
4287
6583
4933
6509
1782
2659
2595
2991
6918
2199
263
6642
5951
5493
1772
1773
6398
2322
1073
1546
6838
4972
5546
943
5351
586
3989
1477
2176
1191
1159
5242
2808
2980
598
3875
61
1254
6299
522
5169
2047
3708
864
2528
2099
2734
5468
2428
1316
524
6804
4828
3171
3411
5593
1697
82
6994
2389
4297
3515
5583
6653
1895
3421
3292
5350
6943
1651
4944
3457
3829
6323
2664
6120
5629
6006
1547
5615
1674
357
708
2550
1775
5321
3285
1505
6419
3993
4863
1344
5144
4836
756
6515
3065
6655
6988
4859
2496
1426
6024
3827
907
6340
5141
5195
1639
5952
3151
3245
316
5475
4902
2878
5274
6711
407
5065
723
38
3698
3802
5207
738
6436
6145
6420
3121
5526
3435
4648
2300
3328
2337
3412
5290
6183
1909
3288
3123
5534
2342
684
4235
79
4974
2740
5969
6229
3361
5091
210
3089
4950
6388
5014
2316
1055
6083
3254
1209
1261
4102
100
112
1236
5258
1416
6450
4751
5418
1193
6721
2737
2030
6408
2711
5616
4440
5853
6778
4386
6910
6945
1116
751
4813
5677
923
3824
5027
5957
6571
1558
5790
251
2560
6342
6284
5669
1777
5416
5556
2162
130
4624
2059
6638
3020
3359
6673
1790
3629
832
1966
1949
6189
4482
660
2058
3994
4934
2597
6504
1852
4229
401
3056
352
2813
1399
4897
459
233
4179
6212
4939
5080
2212
819
6781
6831
6070
4293
701
5886
1330
6307
4345
1266
2628
5731
4620
6147
2482
471
2749
3587
3326
2993
1517
500
4795
254
3410
5662
3843
4227
4206
2750
5900
609
2439
2695
1192
2499
6600
480
1204
3240
2974
163
600
6689
3150
490
2065
408
6442
4682
5610
2779
2762
3872
900
641
3327
396
1302
2473
4502
3814
4303
6974
6351
466
6294
6654
1015
5893
3234
426
5437
5565
1268
4196
6256
5600
2533
6566
1613
1102
2220
2917
563
702
2600
3746
2353
4520
119
3525
33
4268
6378
2299
329
6556
2247
6213
4698
4285
2882
1574
1465
1825
6740
3003
1243
4544
3007
4349
5017
1802
6551
776
1499
2113
2005
2511
57
682
4868
3471
6973
5802
5774
1056
3053
614
2351
5977
4397
5632
168
2812
6033
2830
394
1923
1741
1202
643
5896
1491
3189
548
6771
6252
2822
5460
2196
327
1106
4213
974
3339
517
2649
1888
285
4133
5302
6792
274
4776
1403
4366
3895
5052
49
4476
3355
2503
2829
4406
5396
6334
5223
4174
3735
6872
5449
3140
3074
992
6243
5406
2772
2987
456
6635
2500
1554
5224
575
6878
6048
2443
5263
2234
4001
5480
4749
2434
4692
322
6477
4531
6859
129
5294
6108
4740
1705
1566
6199
1531
6914
4910
3043
1560
6939
3368
4684
3956
1570
6768
4748
6539
2306
4618
4712
3630
1627
250
6231
443
529
1154
1762
4464
1780
3569
6179
19
5646
6505
1258
1370
6102
5486
729
1361
5085
2638
973
1671
936
5978
3552
1710
5644
6536
5369
3737
3516
5913
4555
2709
1899
46
4701
5074
3652
4948
4945
6517
2147
6148
44
3144
3682
344
511
3113
5926
1916
6538
6610
5844
3544
6278
3318
5286
788
304
3209
2206
6344
5592
318
2476
6701
1375
6061
1085
6031
1632
4304
2074
666
6254
373
3520
6763
3346
3145
4477
3062
5313
2962
4104
3892
1715
4205
1567
4680
978
605
6110
1195
4062
3350
2333
6732
6541
4153
3663
5840
4480
5806
5139
1166
4025
6749
2080
1946
2610
3615
2182
6368
1247
2217
6399
2923
6264
6029
3518
2137
3014
5958
2671
4503
3609
5011
4294
5842
804
5730
2117
3282
4932
5609
3060
1271
5666
4391
879
6501
5522
1703
2140
4695
2024
2329
2726
4239
3841
102
2803
5937
5638
1984
271
6544
219
613
2715
2444
5864
4326
4862
537
470
1880
525
6742
3024
1806
830
221
2390
4574
2646
2653
6139
6433
2771
1964
3266
3423
1928
1972
989
678
5135
6329
1388
6545
2994
6412
5749
596
888
345
6520
6928
1440
3749
2895
338
2524
4999
6163
4159
3416
6223
4264
1650
1406
3952
409
4325
1103
4637
4218
6185
5330
3984
5508
6296
6759
2667
1156
1699
4127
1398
1907
4190
2549
6625
1675
4576
1590
4344
1553
5661
4655
1445
1749
6004
4623
5151
6906
1359
5758
93
1757
4488
1384
4096
2572
4669
5440
1591
428
4146
296
1665
3358
3080
2309
6493
3727
458
3176
1245
1587
4855
3503
2865
4664
3029
3037
1001
1041
5545
3692
2781
4668
4311
1543
3916
2081
3626
2802
5946
2227
3202
5919
1135
3370
5197
1382
1194
214
837
3651
4585
2014
356
3033
842
5568
4767
3390
5458
2493
5689
4794
4870
84
4063
1701
4037
770
1537
3277
5964
484
4402
5543
4412
3960
5799
2885
4720
2565
4467
6341
6205
2190
5761
3093
2219
6074
2376
5518
72
2675
4670
4936
616
4066
4803
1953
1149
5828
6901
4330
381
5843
6217
5471
2437
2374
2520
2008
6324
6619
4579
2071
1879
2587
1681
1631
4900
1934
6820
6565
5003
178
2791
3180
5029
4913
5622
652
6374
846
5386
2069
5664
1277
6709
4233
6614
5745
3704
5303
5403
2647
1692
5626
1673
2241
5623
3523
1484
2529
1541
2142
494
6866
6350
264
6661
4766
5368
2884
6265
3480
3177
787
5189
3054
5252
1641
2305
6577
911
1480
5384
3864
6511
3643
6649
1234
4399
59
869
2795
6837
6834
5862
6798
2043
142
990
902
1915
1065
5990
2362
5931
1667
3760
6005
341
5811
2112
2686
5050
2945
3442
3324
6230
565
672
4611
5590
5238
3509
3591
3397
5795
1601
2076
633
6599
1188
1521
2973
2233
2424
4614
6078
2537
6018
675
2876
4150
6161
5308
6775
1726
6640
5525
3549
1814
4866
2116
1958
1533
56
6461
5431
1856
32
2400
297
6444
1185
1402
1593
2906
1743
291
865
2506
4619
5063
347
6013
2431
3109
5272
580
668
6776
414
834
138
1548
677
2072
5221
3104
949
1952
4486
1346
4142
3636
3781
3329
5640
34
2718
2133
3886
8
1822
6503
3392
4047
4191
4343
740
5501
4685
3107
920
3741
6829
2540
6518
446
2007
1917
2867
4739
6041
3937
1186
590
4994
3310
1937
6941
4728
622
2835
5499
290
5827
4755
1530
5315
3779
1971
6268
1393
1875
3514
2756
1098
1898
2373
4088
1498
6454
6856
6624
5533
6068
710
6972
5606
1315
952
3658
1294
5989
814
1432
2598
4594
3069
6791
679
6277
4783
3869
1019
3393
3498
1446
74
1690
3736
5180
1936
6063
5625
2834
2542
3456
4166
636
2767
2492
5167
1139
2965
2746
5249
3542
1630
6484
6380
2404
897
3555
5367
1307
1458
1791
5491
859
5489
5645
3977
4773
6895
2317
1844
5860
4601
706
2940
6559
90
3811
1091
6685
878
3013
4002
6522
2685
1411
5295
5019
5092
2085
3750
2210
5637
4059
3173
5327
1998
3957
6997
5697
2041
4641
1350
478
6260
6159
5528
6806
2909
6347
4426
2230
3912
3913
2807
140
189
6632
6852
1093
2102
1275
4993
183
3804
89
4967
2143
4917
1456
4499
5997
999
3647
6473
2104
4770
1279
1249
3776
4277
5204
6833
2016
6180
1256
2042
2407
5037
4959
5955
379
227
2395
6752
2819
1809
2056
6416
716
5685
1283
1145
6088
4118
4208
3159
4771
476
6297
6309
4955
6262
6863
6703
5153
4983
2090
1453
628
2097
6802
5973
6827
5971
5285
3675
1196
6574
4560
2457
3826
1991
5793
916
556
3672
1137
6670
3212
5319
6935
1322
2423
2451
1995
4923
1633
6168
3330
3281
899
6308
6612
2490
2642
1894
1679
6332
6818
4988
4381
2555
4278
2570
2029
5158
6683
6718
376
1211
5738
5082
5672
1564
1160
854
858
1051
155
5341
1828
3963
1732
2765
1608
934
2508
6514
3995
4705
824
4604
658
4139
1285
5582
2138
176
6508
2833
6272
5163
2409
475
5679
3684
2280
4236
6799
4423
5447
2984
4665
3764
5175
2422
3526
441
3489
4893
2567
5461
5611
3128
6210
4517
6103
6413
6187
3215
4896
6437
6112
2145
4076
3424
551
404
2297
5863
349
871
5607
5608
1536
1022
6191
1528
1321
1119
6528
1040
4744
713
5490
1933
4547
4763
1614
3635
2089
3940
1598
835
3766
3881
5188
6609
4279
2314
3740
96
2053
5874
2307
6934
2755
5381
5114
1148
3880
1260
4182
6257
5700
3373
6662
3533
4906
1956
468
2110
6178
1379
2637
5750
1975
1476
802
6049
3098
360
6543
353
6282
6886
5635
5520
1592
5841
2859
6810
4738
3909
2432
1273
6687
6295
3271
6135
417
473
5764
6455
325
4427
439
1238
2963
1161
4466
2739
947
1286
1201
4487
5173
1171
70
775
3613
6957
1066
2684
6418
6800
3133
6849
317
4791
4448
6790
4835
5192
972
4647
4759
3541
2752
2282
955
1494
1070
3742
3017
6794
1469
2066
4337
2009
986
1037
4592
3795
5566
1619
4876
6458
6391
1672
3730
2525
3269
2173
6415
362
4288
1805
2663
6051
1420
5357
2052
1550
2888
6201
369
5836
6976
5698
6604
734
272
570
5537
4526
1659
5634
4529
2232
1084
2323
6216
5648
1362
4946
3556
4069
3945
2509
3379
5071
5124
6904
2811
637
1366
6432
4431
4045
6922
6871
2502
807
2313
4542
2270
1422
5073
700
4895
665
5342
1776
5786
51
4905
3767
3086
747
5059
2564
2979
4170
3439
1240
5446
4635
6310
1181
6573
2483
2514
1174
3040
3997
4019
1747
4807
371
6822
1187
3274
4515
4273
5659
5794
4240
2286
3561
2412
5094
3235
4497
2064
5770
3388
2088
6215
6172
2244
2321
3004
1046
3008
1429
6678
1830
4194
5988
5506
1691
1575
4418
594
5030
3946
17
2497
6207
4609
5941
6015
4061
526
2068
2997
1940
6371
547
3496
1999
3299
2687
5097
429
6526
4558
1297
6483
5419
937
1039
2935
5117
4965
2129
5253
2743
2167
3612
6270
2195
3987
745
5328
3475
5507
4846
1921
1228
4713
1410
3210
6854
5337
4006
6874
905
6410
3817
2243
4323
3623
3534
207
4706
6481
6496
76
225
3081
3683
261
6913
6956
4100
5463
4237
4567
1387
3005
1213
2106
6065
797
5665
4827
4417
4631
3138
964
866
6533
2826
6816
3353
5371
2632
5554
2061
5972
5405
5291
2764
1883
2420
516
2010
3653
1265
1884
5112
5691
3188
1600
498
1200
4819
284
114
5020
6611
3262
248
3603
5621
3667
372
1435
5348
6877
6839
3714
1034
4053
1746
1175
2433
4484
1323
3
818
4243
4272
5244
16
5680
3042
3666
4954
5178
1095
2478
5087
1470
1990
2036
1168
6500
5131
3739
95
483
4781
4167
827
4884
5514
4658
3967
722
4731
3092
3877
3590
5081
2658
3818
6978
2000
6137
3596
6699
924
31
2083
2183
615
1981
5631
3057
63
2245
2469
567
6616
1288
4116
3303
162
3241
6744
5712
4603
5909
4354
3870
3066
1514
1259
5511
2399
4316
6534
1012
124
3445
3251
4216
283
4027
3333
6929
2817
6767
685
9
288
5392
1944
1009
1385
4384
6564
5222
6479
4581
2676
4119
5414
3752
416
1241
5031
3386
4459
4877
1695
2626
2213
6924
3147
3499
2661
2916
1584
6645
3566
1740
5007
282
4753
4516
1862
2272
792
2786
5377
6424
6793
6447
5225
5945
1577
4777
4575
5885
2810
4134
4733
3947
2774
5822
3661
5477
4825
6680
3769
2719
2566
3902
968
5702
6236
783
5549
4702
5966
3925
133
3127
6894
4724
4044
6314
2952
2425
3921
2929
2050
753
6607
515
4315
5407
3576
5042
3284
6708
1036
1580
5598
650
2154
533
343
5257
5911
3203
4490
4907
5922
3464
1452
6499
4405
5574
2956
1230
3572
6124
5445
78
5322
6209
1526
5810
1626
5539
6921
3349
5932
6651
5875
698
323
5657
4468
2673
4678
853
855
4390
4070
3407
3610
5424
4444
845
3768
2214
1354
2631
5155
3521
933
1378
2449
4112
4230
2584
1624
6726
410
1903
1581
6127
5521
2442
4509
6292
3551
2332
1233
6864
3899
5422
1512
3321
2236
2589
5378
4837
1625
3500
3436
6402
2479
1326
757
1843
4341
5161
6333
3812
1756
906
1687
4018
2992
5652
3793
1367
4449
4799
506
6835
1172
5339
1860
5877
2583
778
6623
2960
3414
759
4856
904
6143
2558
5861
1849
2304
2345
2759
2853
5647
5298
914
549
6578
5190
1008
654
2257
4377
2440
2955
6734
5818
3186
3455
3179
6330
6965
1658
2025
6521
4210
6304
587
4007
5420
4177
3470
2231
3141
5023
4582
1516
191
10
3786
4784
6175
4379
6795
6422
2665
1668
1280
6017
2459
2491
4578
3239
5796
1080
6953
6606
2875
6788
1965
216
1087
5675
1414
3307
4106
3253
4306
3175
2020
1908
4686
1129
1820
437
1320
2931
3784
4469
5215
2832
4452
6233
5297
607
4919
217
3409
2095
857
3366
5589
1383
1380
5766
5838
5959
3785
4659
1837
1519
6813
544
431
843
507
3712
1589
1729
4364
779
3532
6114
1007
2019
725
5032
1390
1179
1336
2996
4543
3294
6098
6547
5469
205
4507
6045
2358
5814
3249
4818
5710
4797
6620
5965
4156
844
3570
1475
742
5058
5320
1489
693
5889
2535
4676
6548
3671
6986
4608
3839
5177
3356
1079
3268
771
4091
2919
3308
2394
2501
3732
5259
4580
3169
3237
4605
340
3287
1542
3362
2544
3506
6190
3028
3483
190
4352
4087
2224
3119
1010
2874
2871
6448
6858
1786
2953
2279
3032
6311
2045
4470
1932
5619
85
1854
4473
4715
3124
3404
1064
2950
3132
2077
4602
5070
1761
1910
6224
2604
6030
1795
5170
6259
1331
5000
3668
5060
5935
5693
4415
3512
815
2613
3705
3236
4810
1239
5756
463
4313
5329
438
3861
4491
6348
1496
1072
4072
4
941
203
5757
6468
4389
6713
2590
2397
4172
1603
3357
4518
2186
7
6409
4979
3067
5325
3808
3983
5219
2828
3217
5910
3052
2527
632
6153
2588
6162
6286
5183
3472
315
4745
6339
4938
5120
4785
5559
348
3220
5101
944
1634
5305
1994
5125
3385
3773
4975
1377
6648
4638
4132
1753
4568
1868
2557
1887
576
3000
1356
1683
3112
6239
3648
299
5869
2026
2031
765
2370
1206
4376
4920
1122
6019
4385
2032
2218
477
931
3101
2670
388
530
3849
50
2472
3914
4241
638
4838
3703
1706
6672
2692
2959
3846
4841
1549
6549
5370
1054
717
6751
392
5262
127
1372
1035
532
1744
5532
3247
1501
6003
5905
1027
5772
6700
2986
1609
4607
4556
545
3586
5340
4804
2505
4958
320
4180
2573
1443
2691
2021
1138
2378
1319
741
1540
204
5736
30
4374
4566
1217
1635
3301
421
3830
6363
6757
5235
6160
5220
3165
1136
6352
5887
4189
4736
3135
6405
3415
3845
6594
1110
6090
1184
1816
5054
167
540
3323
4823
6741
4848
4203
588
3055
6682
4984
2751
5047
5426
5083
1996
4584
6042
4029
2292
527
5655
6981
520
6176
5515
2067
5824
2146
4729
562
1355
2730
5916
2151
1878
1099
1461
1648
6034
3216
3084
249
749
2799
3638
4523
6938
116
3720
6138
1945
1163
1582
3011
1832
5470
4742
4593
1839
4186
863
2326
1318
5555
6862
1947
880
3695
4610
6152
2827
850
2645
856
4388
5918
822
2690
104
151
4549
5979
6629
6010
3851
5960
3958
5404
1709
6982
3927
6465
1158
3907
875
940
4071
5201
5300
3021
2825
4034
2943
4912
5560
1292
6389
4401
12
6305
1739
6227
6656
1397
1569
39
1997
115
1076
5504
4483
174
1415
6271
4726
330
5544
4978
2160
5326
2481
3290
1218
485
3998
6150
302
4193
6644
5570
6989
653
2753
6279
4340
2620
3865
3242
425
4247
5103
4689
2622
3096
4075
2387
3711
1742
2356
5614
3758
6720
6523
1376
3884
6628
5755
350
377
1716
4758
6995
1212
6188
1538
6671
4538
5603
2421
5122
3211
2488
1904
158
4051
4350
6927
648
1047
6367
5106
229
5803
6151
4625
2290
6171
5289
2995
4395
6071
4050
4281
3255
3577
535
1941
1693
4892
4992
164
3197
6117
6786
4817
1088
4382
447
1455
5845
826
1661
384
6823
4921
6882
5999
3184
2735
3190
4854
1874
6885
2704
1290
2785
4752
3799
1068
5159
6773
5881
4296
3774
735
2259
4413
3369
1227
6428
4541
4598
5078
6283
3887
6446
619
2516
3400
2855
785
6785
687
3075
2804
1097
1850
5674
3387
3278
1313
6488
1482
969
6991
4292
69
671
3756
599
1823
5856
4872
901
6249
2879
2742
640
2303
1205
403
5982
5279
1511
6873
2596
4067
2706
3023
4666
3078
1662
1408
1847
6
2289
6507
4097
5049
451
5433
4198
4052
2204
3430
4332
4022
3441
5335
5048
3690
5038
3547
230
5186
3527
5254
5907
276
5212
3431
5111
1664
1959
555
1785
847
534
970
3039
258
4831
4461
6513
4244
1407
363
6737
1401
4421
2977
639
6449
2073
5345
895
4437
998
5558
953
3206
4249
781
6421
5884
2556
3286
883
1089
6636
6053
1886
3655
2125
6580
6123
1147
3669
1478
6932
5346
3953
2796
2193
912
4445
259
4158
1571
1871
3598
2512
1766
5156
1252
6796
2249
6867
5231
1150
6647
2577
5633
5538
4164
2396
3417
1595
4995
5529
573
4533
5833
6783
4204
4617
5970
123
113
194
1018
5090
5536
957
577
4845
689
4908
793
3485
3981
2978
4660
6512
2159
4588
6218
1409
4114
3163
951
2344
5876
5585
5203
1978
3477
5865
1948
6552
1030
2773
6091
4042
1100
393
1495
2838
3938
5100
308
3871
5826
2864
3678
4747
2144
5374
5093
2293
3088
3792
5901
4847
25
5934
2380
6463
2268
4089
4949
5277
5389
2728
4232
3702
2086
4881
4013
4673
2287
5890
5379
1640
4460
336
419
6722
754
5561
58
2169
1324
2913
4220
3616
5715
3842
497
1155
1918
4622
4997
6966
2605
5762
5769
6401
2534
1863
1197
4419
2486
5317
445
5686
292
5399
3432
3120
5753
581
5306
4691
4889
1490
574
6575
444
1646
5760
2101
1925
2898
3803
2777
5729
1808
1867
270
5118
3137
1700
4941
4101
861
4479
5068
351
2359
6226
1568
3265
3214
2892
146
6601
4914
1219
4023
2869
649
6220
239
6919
2494
4922
5260
6146
4103
1779
6692
5963
582
1930
5121
5855
4587
2601
5912
603
6765
5472
6519
2170
6046
3505
5671
5974
3462
88
2357
6009
2650
6460
3304
4898
894
4109
2783
2972
5923
3931
3399
5334
2515
361
2453
5451
4335
3597
6664
3633
97
1585
4789
2754
3563
3201
1293
4474
1724
5942
3645
578
5591
774
4562
6693
3601
6115
6909
6365
306
3942
5271
5653
4207
5846
2258
5423
5915
3537
1961
3815
2954
2532
2122
6427
1532
6253
5831
3226
6462
2976
5233
6596
4536
2852
884
5084
355
6868
1967
5740
6861
5010
1760
1974
2403
20
985
4583
1026
5459
1588
2465
1305
6020
5236
2209
3117
2192
2285
1708
3305
3448
3297
4537
5467
1586
6698
5751
5488
5599
6710
3380
6550
2539
4211
2837
1296
3624
769
1660
1520
3009
52
3759
5022
728
2221
42
4586
201
5939
4860
3134
1345
48
5206
1545
2368
3322
3715
5829
6582
457
4750
5530
4782
4805
3607
2760
1787
465
1078
5452
252
821
4475
1818
4321
5550
3090
4662
2623
2235
726
1559
4962
903
4450
4160
935
4175
1358
828
5115
2609
2733
1464
1826
3548
5805
798
3575
40
5804
5879
4472
6244
5870
2157
2060
6126
3444
4842
5164
1325
1487
3783
5053
1561
4985
4521
2063
3835
2466
2320
2582
959
786
6855
6002
2901
2946
2710
5673
512
5938
5205
2789
6590
1177
1298
2105
669
5061
6101
5752
280
1170
4809
690
6975
501
5397
1373
1752
1579
2460
6889
2902
6343
631
6944
6892
5270
4147
5347
1654
5394
3452
5265
2046
3458
1107
5899
4077
6073
3522
6396
6245
2127
1707
4465
3657
1418
5737
3344
3342
47
4284
6154
5882
3419
3744
6569
6555
718
5976
4310
2654
820
3581
4690
2194
2504
5410
380
3106
1333
2296
3264
1738
1272
5165
4265
4693
3495
1657
2325
860
6219
758
2918
3915
1857
584
5301
2266
5288
3955
180
954
2004
625
5171
4369
2174
2131
2696
2203
5849
6107
743
3583
4081
5148
2794
3449
2388
1896
2553
3820
2054
4327
3557
331
2585
6729
4741
848
571
2262
3962
2163
2904
65
975
5218
2580
243
2957
2324
6058
6195
5984
4786
1711
617
3713
2897
5720
1463
5821
1059
3866
5373
3608
2386
3933
5800
101
2640
6390
3898
5639
1262
2175
3325
5284
4798
5777
1352
2680
3114
6480
1045
3723
3025
27
5474
4891
1889
4463
2035
1048
3233
5839
5830
4282
3594
1021
6318
3530
1855
1104
4987
2197
4864
496
5025
1900
6530
1438
324
332
3924
137
890
136
5008
1798
486
2405
5927
592
159
1153
4613
6086
1755
3894
75
1229
135
983
1428
6021
4630
385
2318
1500
4551
2894
5055
3246
3196
2393
86
4400
6844
6121
2841
5807
2911
3833
4367
2674
519
3620
424
1057
4290
703
3438
5759
309
432
94
3405
1721
4252
286
4645
64
1788
5495
3200
2283
2392
6356
1696
1317
2087
5535
2237
3022
2614
472
6047
6733
4764
5466
2222
670
6320
4414
4092
2013
5613
5181
2612
3070
5578
1146
2546
4020
6723
4840
3543
4135
257
2274
5936
1840
3847
502
721
1332
4839
6489
5832
3560
2251
6880
2410
2078
5714
2191
5906
661
4060
4956
5425
177
5209
662
4255
6072
4336
521
5016
5681
3459
4960
5930
6983
559
4800
6099
2456
5883
1016
6707
3585
3473
3319
5482
333
564
1164
3256
3072
4130
4129
365
4074
4055
4312
1274
2181
2698
5787
4721
2820
21
6100
4540
5438
3068
2947
5187
1653
3619
1437
3798
4627
5523
3466
4359
3791
186
5704
1328
5146
3102
5454
5551
4435
215
2899
5642
6248
3451
1929
3289
4403
4143
5895
3539
3174
2727
6615
1431
6426
5098
1617
3396
6288
406
6808
184
118
4187
1394
813
5547
53
6038
2615
4305
2381
4696
6131
375
125
6714
1338
3273
1351
5255
3891
1622
4714
4505
1144
4478
2135
5318
5987
2379
2100
3644
1151
6328
839
780
4250
5924
3041
1140
6186
5872
1203
3296
6728
1866
2862
6899
3943
6111
4094
5332
2971
3837
6869
2225
5210
3219
2559
3567
4356
1449
6109
6198
5815
948
1308
6959
391
696
3834
4446
659
981
2731
6364
3990
2384
4270
3228
2611
3160
921
5250
1605
4447
3964
3919
6979
1226
1922
5850
6898
6040
29
4439
3185
5947
4654
3709
4894
6194
3204
2331
6603
2187
2619
1544
3622
1902
5355
1686
1973
6353
4202
5002
3383
310
3614
704
3654
5280
1901
4861
1942
6355
5172
5778
6438
420
1848
3593
627
4214
6225
499
2051
1341
908
3291
2912
3649
109
5245
442
1276
1765
1295
2149
3152
6466
4079
5278
5077
197
2842
6821
2681
3951
5928
602
6118
5227
1183
4151
761
3573
6725
4963
4980
5385
731
5043
3427
3168
2448
2291
5465
4162
3258
4675
2618
806
833
6382
2294
335
1891
5287
1676
3724
200
208
206
3193
6407
4821
1368
3019
2185
2635
4833
1391
2027
3016
5743
3263
2725
4371
2267
2562
435
3592
2714
4772
2413
6828
2643
4756
2624
2414
2579
1028
5066
3589
6971
5564
2346
3031
5571
4086
5336
5954
3406
1167
405
5754
273
1405
3936
6537
6037
557
4392
4098
5725
1127
6789
3371
3882
836
4671
4708
5950
1395
6805
5809
6025
2315
2150
2933
5739
307
2990
2033
2747
2327
3465
6133
4508
5953
504
4095
4971
6962
4737
5929
6896
5834
4307
3935
5654
495
4890
3949
6893
3298
2702
695
1623
6658
6745
3073
5409
1433
3377
5079
6423
1327
1897
554
6313
1539
3731
6134
3571
2616
6167
4802
5353
3100
874
4943
2155
3340
1955
4704
3868
3494
589
4200
1392
3030
5127
1348
265
977
5494
5383
2699
1467
3853
5512
3599
5102
2652
1339
354
5275
4443
4462
121
2757
488
3832
1451
3986
3131
110
2603
1727
3517
6281
3250
1360
2454
6203
6184
4110
1180
1042
3317
3890
5439
1508
4219
182
558
841
2938
3954
1427
6338
2015
222
852
3637
5393
4408
2937
1938
4128
3848
3155
4820
5362
922
2928
796
4826
2656
2770
2136
2880
339
2139
6358
5703
5722
5009
2510
5012
5179
1892
1722
1656
6665
2463
1628
6085
6631
386
5519
6758
3059
3790
5658
4792
2184
1038
2571
2763
427
4245
5596
4830
6054
791
294
2805
4760
3122
4599
26
2821
7000
1985
2939
5062
4532
1812
3797
6875
3136
1077
6429
6950
4812
553
2216
2792
4441
2178
3148
1720
5361
4775
2165
1086
3428
626
3257
2809
1215
2839
1278
3051
2936
724
1176
3229
2128
4703
2276
6846
6116
5143
624
281
4887
1714
5684
3879
681
2348
2908
6593
5563
6560
1962
606
963
6540
1725
5432
4238
2724
2591
2179
5894
5001
2678
4869
2148
15
4318
6302
3706
5331
4442
3105
4779
1841
994
4636
2848
5352
1621
6755
6570
1515
3467
4561
3854
3992
2464
1182
6064
1748
6321
6634
5891
1557
3641
6750
3232
364
4422
6817
3770
2856
3888
5304
3978
3510
6639
6166
3170
111
13
3365
4481
6706
5723
6242
128
6735
2467
4113
2091
228
6082
886
2930
5497
674
6591
4117
5344
4396
4534
6301
2896
6076
6140
1096
1754
3198
4361
2981
5273
3087
3194
5727
510
6812
618
6984
6727
2689
187
1733
4266
4683
5283
165
5421
1128
5716
1642
3315
3778
6317
4456
4322
1824
2798
2039
5129
2161
6346
5873
3403
5595
1141
5920
6478
1454
4927
6001
709
5724
2700
6637
1804
5004
3221
4918
2082
5266
160
